# MAPbBr3 S2, dark   params: examples/MAPbBr3_S2.params
# Measured current-density-voltage function, from examples/VJT.dat.
# I(A) / area(7.7e-06 m2) -> J;  T(C) + 273.15 -> T(K).
# 214 rows read, 214 points written.
V(V)	J(A/m2)	T(K)
7.031141e-03	9.492278e-07	3.058211e+02
2.109342e-02	-3.099817e-08	2.944602e+02
3.515570e-02	-3.083278e-07	2.841933e+02
4.921798e-02	1.998808e-07	2.867796e+02
6.328026e-02	5.472552e-07	3.026190e+02
7.734254e-02	-2.768927e-07	3.145485e+02
9.140482e-02	-5.214326e-07	3.061010e+02
1.054671e-01	3.832029e-07	2.947382e+02
1.195294e-01	7.335114e-07	2.844561e+02
1.335917e-01	8.599645e-08	2.864266e+02
1.476539e-01	-3.889660e-08	3.022731e+02
1.617162e-01	5.117893e-07	3.145133e+02
1.757785e-01	9.855590e-07	3.064066e+02
1.898408e-01	-2.559833e-07	2.950691e+02
2.039031e-01	-5.742127e-07	2.847280e+02
2.179653e-01	7.967346e-07	2.860347e+02
2.320276e-01	9.654941e-07	3.018934e+02
2.460899e-01	-1.994579e-07	3.143967e+02
2.601522e-01	-5.015211e-07	3.066812e+02
2.742145e-01	4.014004e-07	2.952693e+02
2.882767e-01	1.759180e-06	2.849365e+02
3.023390e-01	-1.696946e-07	2.856782e+02
3.164013e-01	-4.575042e-07	3.015051e+02
3.304636e-01	4.102905e-07	3.142942e+02
3.445259e-01	1.995776e-06	3.069565e+02
3.585881e-01	3.127008e-07	2.955219e+02
3.726504e-01	-4.200104e-07	2.850132e+02
3.867127e-01	5.492498e-07	2.851250e+02
4.007750e-01	2.178839e-06	3.010721e+02
4.148373e-01	2.798963e-07	3.141555e+02
4.288995e-01	-6.097553e-08	3.071930e+02
4.429618e-01	1.271327e-06	2.957172e+02
4.570241e-01	2.827847e-06	2.853227e+02
4.710864e-01	1.483396e-07	2.850503e+02
4.851487e-01	5.743870e-08	3.007842e+02
4.992110e-01	1.231988e-06	3.140882e+02
5.132732e-01	3.549225e-06	3.075529e+02
5.273355e-01	4.415245e-07	2.960814e+02
5.413978e-01	7.875259e-08	2.856442e+02
5.554601e-01	1.770288e-06	2.847969e+02
5.695224e-01	4.163181e-06	3.004181e+02
5.835846e-01	6.492357e-07	3.139235e+02
5.976469e-01	4.476715e-07	3.078581e+02
6.117092e-01	1.573148e-06	2.963845e+02
6.257715e-01	4.979858e-06	2.859393e+02
6.398338e-01	9.703153e-07	2.845206e+02
6.538960e-01	-1.887516e-07	3.000350e+02
6.679583e-01	1.551727e-06	3.137565e+02
6.820206e-01	5.467542e-06	3.081426e+02
6.960829e-01	8.209817e-07	2.966205e+02
7.101452e-01	3.302748e-07	2.861414e+02
7.242074e-01	2.103086e-06	2.842458e+02
7.382697e-01	6.678868e-06	2.996619e+02
7.523320e-01	1.396683e-06	3.135863e+02
7.663943e-01	9.965613e-08	3.084651e+02
7.804566e-01	2.173817e-06	2.969242e+02
7.945188e-01	7.480628e-06	2.864229e+02
8.085811e-01	1.978743e-06	2.840147e+02
8.226434e-01	-5.168447e-08	2.992822e+02
8.367057e-01	2.489440e-06	3.133829e+02
8.507680e-01	9.168002e-06	3.087494e+02
8.648302e-01	2.375717e-06	2.971754e+02
8.788925e-01	4.005310e-07	2.866334e+02
8.929548e-01	2.760025e-06	2.837638e+02
9.070171e-01	1.113295e-05	2.988972e+02
9.210794e-01	3.991990e-06	3.131664e+02
9.351416e-01	8.836630e-07	3.090535e+02
9.492039e-01	4.067744e-06	2.974410e+02
9.632662e-01	1.377654e-05	2.868698e+02
9.773285e-01	5.172659e-06	2.835488e+02
9.913908e-01	1.152135e-06	2.985200e+02
1.005453e+00	5.084743e-06	3.129321e+02
1.019515e+00	1.850150e-05	3.093657e+02
1.033578e+00	7.046956e-06	2.977324e+02
1.047640e+00	2.568374e-06	2.871580e+02
1.061702e+00	7.008771e-06	2.833731e+02
1.075764e+00	2.335095e-05	2.981468e+02
1.089827e+00	9.737417e-06	3.126870e+02
1.103889e+00	3.957228e-06	3.096702e+02
1.117951e+00	8.388309e-06	2.980079e+02
1.132014e+00	2.814184e-05	2.873970e+02
1.146076e+00	1.226018e-05	2.831783e+02
1.160138e+00	4.855431e-06	2.977723e+02
1.174200e+00	9.544482e-06	3.124318e+02
1.188263e+00	3.138738e-05	3.099681e+02
1.202325e+00	1.318591e-05	2.982738e+02
1.216387e+00	4.765075e-06	2.876425e+02
1.230450e+00	9.558895e-06	2.830199e+02
1.244512e+00	3.149021e-05	2.973976e+02
1.258574e+00	1.225637e-05	3.121548e+02
1.272636e+00	4.462076e-06	3.102890e+02
1.286699e+00	8.778266e-06	2.985512e+02
1.300761e+00	3.025680e-05	2.878928e+02
1.314823e+00	1.136872e-05	2.828725e+02
1.328885e+00	4.354447e-06	2.970232e+02
1.342948e+00	8.713324e-06	3.118493e+02
1.357010e+00	2.903151e-05	3.106184e+02
1.371072e+00	1.088148e-05	2.988549e+02
1.385135e+00	4.233847e-06	2.881710e+02
1.399197e+00	8.394433e-06	2.827717e+02
1.413259e+00	2.769253e-05	2.966973e+02
1.427321e+00	9.491093e-06	3.115663e+02
1.441384e+00	4.329826e-06	3.109132e+02
1.455446e+00	8.296858e-06	2.991253e+02
1.469508e+00	2.795204e-05	2.884274e+02
1.483571e+00	9.572230e-06	2.826643e+02
1.497633e+00	3.291758e-06	2.963210e+02
1.511695e+00	6.728045e-06	3.112381e+02
1.525757e+00	3.469779e-05	3.112439e+02
1.539820e+00	1.180208e-05	2.993938e+02
1.553882e+00	2.853295e-06	2.886672e+02
1.567944e+00	8.913222e-06	2.825537e+02
1.582007e+00	9.670559e-05	2.959414e+02
1.596069e+00	8.252989e-05	3.108911e+02
1.610131e+00	2.028679e-05	3.115375e+02
1.624193e+00	2.069697e-05	2.996362e+02
1.638256e+00	6.932471e-05	2.888696e+02
1.652318e+00	1.167523e-04	2.824229e+02
1.666380e+00	3.015530e-05	2.955366e+02
1.680442e+00	4.918319e-05	3.105262e+02
1.694505e+00	2.224976e-04	3.118062e+02
1.708567e+00	2.633529e-04	2.998824e+02
1.722629e+00	1.028326e-04	2.891115e+02
1.736692e+00	1.001065e-04	2.823355e+02
1.750754e+00	6.214229e-04	2.951618e+02
1.764816e+00	7.691625e-04	3.101963e+02
1.778878e+00	4.146848e-04	3.120922e+02
1.792941e+00	7.184846e-04	3.001536e+02
1.807003e+00	2.111368e-03	2.893692e+02
1.821065e+00	1.551761e-03	2.822834e+02
1.835128e+00	2.968351e-04	2.947784e+02
1.849190e+00	4.094642e-04	3.098394e+02
1.863252e+00	3.521352e-03	3.123712e+02
1.877314e+00	3.052964e-03	3.004337e+02
1.891377e+00	1.220584e-03	2.895964e+02
1.905439e+00	1.608921e-03	2.822326e+02
1.919501e+00	4.565990e-03	2.944535e+02
1.933564e+00	3.986259e-03	3.095448e+02
1.947626e+00	1.705035e-03	3.125646e+02
1.961688e+00	2.158127e-03	3.006245e+02
1.975750e+00	6.138373e-03	2.897583e+02
1.989813e+00	4.982014e-03	2.821547e+02
2.003875e+00	2.016420e-03	2.940470e+02
2.017937e+00	2.594275e-03	3.091795e+02
2.032000e+00	7.298632e-03	3.127874e+02
2.046062e+00	6.277308e-03	3.008621e+02
2.060124e+00	2.692394e-03	2.899721e+02
2.074186e+00	3.637695e-03	2.821051e+02
2.088249e+00	9.148949e-03	2.936502e+02
2.102311e+00	7.683902e-03	3.088208e+02
2.116373e+00	3.448205e-03	3.130080e+02
2.130435e+00	5.152079e-03	3.011124e+02
2.144498e+00	1.065312e-02	2.901898e+02
2.158560e+00	9.121666e-03	2.820758e+02
2.172622e+00	4.417460e-03	2.932490e+02
2.186685e+00	6.084348e-03	3.084854e+02
2.200747e+00	1.274984e-02	3.132592e+02
2.214809e+00	1.067678e-02	3.014645e+02
2.228871e+00	5.451772e-03	2.904905e+02
2.242921e+00	7.259090e-03	2.821035e+02
2.256949e+00	1.423473e-02	2.928665e+02
2.271011e+00	1.277703e-02	3.081339e+02
2.285074e+00	6.951914e-03	3.134449e+02
2.299136e+00	8.576504e-03	3.017235e+02
2.313198e+00	1.498676e-02	2.907672e+02
2.327261e+00	1.303003e-02	2.821804e+02
2.341323e+00	7.466866e-03	2.924876e+02
2.355385e+00	9.471970e-03	3.077707e+02
2.369447e+00	1.685394e-02	3.136184e+02
2.383510e+00	1.549782e-02	3.019699e+02
2.397572e+00	8.494738e-03	2.908522e+02
2.411634e+00	1.000440e-02	2.820272e+02
2.425696e+00	1.830532e-02	2.920666e+02
2.439759e+00	1.764245e-02	3.074296e+02
2.453821e+00	9.525169e-03	3.137902e+02
2.467883e+00	1.036223e-02	3.022606e+02
2.481946e+00	1.840057e-02	2.912453e+02
2.496008e+00	1.656510e-02	2.822569e+02
2.510070e+00	1.013394e-02	2.917211e+02
2.524132e+00	1.185009e-02	3.070876e+02
2.538195e+00	1.885016e-02	3.139556e+02
2.552257e+00	1.915321e-02	3.025496e+02
2.566319e+00	1.124257e-02	2.915130e+02
2.580369e+00	1.231782e-02	2.823405e+02
2.594397e+00	2.028547e-02	2.913199e+02
2.608459e+00	2.015639e-02	3.067292e+02
2.622522e+00	1.109777e-02	3.140898e+02
2.636584e+00	1.254570e-02	3.028131e+02
2.650646e+00	1.943703e-02	2.917346e+02
2.664708e+00	2.024244e-02	2.823949e+02
2.678771e+00	1.135470e-02	2.909291e+02
2.692833e+00	1.172429e-02	3.063801e+02
2.706895e+00	1.967936e-02	3.141671e+02
2.720957e+00	2.023405e-02	3.030294e+02
2.735020e+00	1.143343e-02	2.919377e+02
2.749082e+00	1.180963e-02	2.824750e+02
2.763144e+00	1.900544e-02	2.905589e+02
2.777207e+00	1.966683e-02	3.060447e+02
2.791269e+00	1.055156e-02	3.143407e+02
2.805331e+00	1.095299e-02	3.034186e+02
2.819393e+00	1.882316e-02	2.923156e+02
2.833456e+00	1.987753e-02	2.826952e+02
2.847518e+00	1.093669e-02	2.901664e+02
2.861580e+00	1.134103e-02	3.056875e+02
2.875643e+00	1.821645e-02	3.144388e+02
2.889705e+00	1.926493e-02	3.037117e+02
2.903767e+00	1.087790e-02	2.925820e+02
2.917829e+00	1.131505e-02	2.828317e+02
2.931892e+00	1.754376e-02	2.897576e+02
2.945954e+00	1.972869e-02	3.053311e+02
2.960016e+00	1.153088e-02	3.145044e+02
2.974079e+00	1.180268e-02	3.039514e+02
2.988141e+00	1.767569e-02	2.927815e+02
2.997563e+00	2.015339e-02	2.858689e+02
