# MAPbBr3 S2, dark   params: examples/MAPbBr3_S2.params
# A-SCLC model branch: Fermi level swept from E_F0 downward.
# gamma = 0.500000   theta model = absolute_over_total
# ptm = injected space charge (article's ptm), not p_t.
# valid = 1 where Theta <= 1; read Theta and mu_eff through it.
E_F(eV)	V(V)	J(A/m2)	p_f(m-3)	p_t(m-3)	ptm(m-3)	Theta	mu_eff(m2/Vs)	valid
-4.840000e+00	0.000000e+00	0.000000e+00	1.414010e+12	3.212767e+16	0.000000e+00	4.401027e-05	1.188277e-07	1.000000e+00
-4.841480e+00	1.954422e-01	3.165558e-07	1.497676e+12	3.270138e+16	5.737934e+14	4.579646e-05	1.236504e-07	1.000000e+00
-4.842960e+00	3.865990e-01	6.631804e-07	1.586196e+12	3.326251e+16	1.135006e+15	4.768493e-05	1.287493e-07	1.000000e+00
-4.844440e+00	5.733107e-01	1.041795e-06	1.680265e+12	3.381057e+16	1.683167e+15	4.969397e-05	1.341737e-07	1.000000e+00
-4.845920e+00	7.554386e-01	1.453967e-06	1.779677e+12	3.434518e+16	2.217872e+15	5.181468e-05	1.398996e-07	1.000000e+00
-4.847400e+00	9.328651e-01	1.902020e-06	1.885306e+12	3.486597e+16	2.738774e+15	5.407004e-05	1.459891e-07	1.000000e+00
-4.848880e+00	1.105493e+00	2.386712e-06	1.996318e+12	3.537268e+16	3.245587e+15	5.643355e-05	1.523706e-07	1.000000e+00
-4.850360e+00	1.273246e+00	2.911698e-06	2.114559e+12	3.586506e+16	3.738089e+15	5.895527e-05	1.591792e-07	1.000000e+00
-4.851840e+00	1.436066e+00	3.478270e-06	2.239621e+12	3.634296e+16	4.216109e+15	6.162084e-05	1.663763e-07	1.000000e+00
-4.853320e+00	1.593916e+00	4.088509e-06	2.371840e+12	3.680625e+16	4.679534e+15	6.443708e-05	1.739801e-07	1.000000e+00
-4.854800e+00	1.746773e+00	4.745945e-06	2.512302e+12	3.725488e+16	5.128305e+15	6.743098e-05	1.820636e-07	1.000000e+00
-4.856280e+00	1.894636e+00	5.452620e-06	2.661125e+12	3.768884e+16	5.562410e+15	7.060281e-05	1.906276e-07	1.000000e+00
-4.857760e+00	2.037514e+00	6.209690e-06	2.818092e+12	3.810815e+16	5.981883e+15	7.394438e-05	1.996498e-07	1.000000e+00
-4.859240e+00	2.175436e+00	7.022771e-06	2.985026e+12	3.851291e+16	6.386804e+15	7.750114e-05	2.092531e-07	1.000000e+00
-4.860720e+00	2.308442e+00	7.893072e-06	3.161644e+12	3.890322e+16	6.777292e+15	8.126288e-05	2.194098e-07	1.000000e+00
-4.862200e+00	2.436584e+00	8.823819e-06	3.348583e+12	3.927924e+16	7.153502e+15	8.524344e-05	2.301573e-07	1.000000e+00
-4.863680e+00	2.559928e+00	9.818294e-06	3.546453e+12	3.964116e+16	7.515623e+15	8.945588e-05	2.415309e-07	1.000000e+00
-4.865160e+00	2.678548e+00	1.088062e-05	3.756126e+12	3.998921e+16	7.863876e+15	9.391967e-05	2.535831e-07	1.000000e+00
-4.866640e+00	2.792528e+00	1.201532e-05	3.978540e+12	4.032362e+16	8.198508e+15	9.865552e-05	2.663699e-07	1.000000e+00
-4.868120e+00	2.901960e+00	1.322438e-05	4.213758e+12	4.064466e+16	8.519787e+15	1.036623e-04	2.798883e-07	1.000000e+00
-4.869600e+00	3.006944e+00	1.451371e-05	4.463125e+12	4.095263e+16	8.828005e+15	1.089707e-04	2.942210e-07	1.000000e+00
-4.871080e+00	3.107584e+00	1.588638e-05	4.727025e+12	4.124783e+16	9.123472e+15	1.145874e-04	3.093861e-07	1.000000e+00
-4.872560e+00	3.203991e+00	1.734790e-05	5.006583e+12	4.153059e+16	9.406510e+15	1.205372e-04	3.254503e-07	1.000000e+00
-4.874040e+00	3.296279e+00	1.890267e-05	5.302552e+12	4.180124e+16	9.677457e+15	1.268355e-04	3.424557e-07	1.000000e+00
-4.875520e+00	3.384566e+00	2.055575e-05	5.615859e+12	4.206013e+16	9.936657e+15	1.335020e-04	3.604553e-07	1.000000e+00
-4.877000e+00	3.468973e+00	2.231376e-05	5.947817e+12	4.230760e+16	1.018446e+16	1.405653e-04	3.795263e-07	1.000000e+00
-4.878480e+00	3.549622e+00	2.418433e-05	6.299959e+12	4.254403e+16	1.042124e+16	1.480590e-04	3.997593e-07	1.000000e+00
-4.879960e+00	3.626636e+00	2.617025e-05	6.672519e+12	4.276976e+16	1.064734e+16	1.559859e-04	4.211618e-07	1.000000e+00
-4.881440e+00	3.700139e+00	2.827949e-05	7.067069e+12	4.298516e+16	1.086314e+16	1.643802e-04	4.438264e-07	1.000000e+00
-4.882920e+00	3.770256e+00	3.051981e-05	7.485086e+12	4.319059e+16	1.106899e+16	1.732736e-04	4.678387e-07	1.000000e+00
-4.884400e+00	3.837109e+00	3.289659e-05	7.927432e+12	4.338642e+16	1.126526e+16	1.826835e-04	4.932455e-07	1.000000e+00
-4.885880e+00	3.900821e+00	3.541951e-05	8.396000e+12	4.357301e+16	1.145232e+16	1.926510e-04	5.201576e-07	1.000000e+00
-4.887360e+00	3.961514e+00	3.809817e-05	8.892600e+12	4.375070e+16	1.163050e+16	2.032149e-04	5.486802e-07	1.000000e+00
-4.888840e+00	4.019306e+00	4.094016e-05	9.418555e+12	4.391984e+16	1.180017e+16	2.144028e-04	5.788875e-07	1.000000e+00
-4.890320e+00	4.074315e+00	4.395334e-05	9.975233e+12	4.408078e+16	1.196167e+16	2.262432e-04	6.108566e-07	1.000000e+00
-4.891800e+00	4.126656e+00	4.714892e-05	1.056475e+13	4.423386e+16	1.211534e+16	2.387815e-04	6.447101e-07	1.000000e+00
-4.893280e+00	4.176443e+00	5.054151e-05	1.118993e+13	4.437940e+16	1.226151e+16	2.520789e-04	6.806132e-07	1.000000e+00
-4.894760e+00	4.223784e+00	5.413523e-05	1.185125e+13	4.451773e+16	1.240049e+16	2.661433e-04	7.185869e-07	1.000000e+00
-4.896240e+00	4.268787e+00	5.794873e-05	1.255236e+13	4.464915e+16	1.253262e+16	2.810542e-04	7.588463e-07	1.000000e+00
-4.897720e+00	4.311556e+00	6.198934e-05	1.329440e+13	4.477397e+16	1.265818e+16	2.968345e-04	8.014530e-07	1.000000e+00
-4.899200e+00	4.352192e+00	6.627317e-05	1.408042e+13	4.489249e+16	1.277748e+16	3.135492e-04	8.465828e-07	1.000000e+00
-4.900680e+00	4.390793e+00	7.081516e-05	1.491314e+13	4.500498e+16	1.289081e+16	3.312566e-04	8.943929e-07	1.000000e+00
-4.902160e+00	4.427454e+00	7.562963e-05	1.579515e+13	4.511174e+16	1.299844e+16	3.500114e-04	9.450307e-07	1.000000e+00
-4.903640e+00	4.462267e+00	8.072985e-05	1.672878e+13	4.521301e+16	1.310065e+16	3.698625e-04	9.986288e-07	1.000000e+00
-4.905120e+00	4.495320e+00	8.613642e-05	1.771789e+13	4.530906e+16	1.319769e+16	3.908924e-04	1.055409e-06	1.000000e+00
-4.906600e+00	4.526699e+00	9.186470e-05	1.876519e+13	4.540013e+16	1.328981e+16	4.131581e-04	1.115527e-06	1.000000e+00
-4.908080e+00	4.556485e+00	9.793727e-05	1.987485e+13	4.548647e+16	1.337726e+16	4.367490e-04	1.179222e-06	1.000000e+00
-4.909560e+00	4.584758e+00	1.043697e-04	2.104959e+13	4.556831e+16	1.346027e+16	4.617217e-04	1.246649e-06	1.000000e+00
-4.911040e+00	4.611595e+00	1.111901e-04	2.229467e+13	4.564585e+16	1.353906e+16	4.881886e-04	1.318109e-06	1.000000e+00
-4.912520e+00	4.637067e+00	1.184147e-04	2.361282e+13	4.571931e+16	1.361384e+16	5.162071e-04	1.393759e-06	1.000000e+00
-4.914000e+00	4.661245e+00	1.260727e-04	2.500949e+13	4.578890e+16	1.368483e+16	5.458928e-04	1.473911e-06	1.000000e+00
-4.915480e+00	4.684197e+00	1.341828e-04	2.648790e+13	4.585481e+16	1.375221e+16	5.773137e-04	1.558747e-06	1.000000e+00
-4.916960e+00	4.705987e+00	1.427781e-04	2.805412e+13	4.591721e+16	1.381618e+16	6.105988e-04	1.648617e-06	1.000000e+00
-4.918440e+00	4.726677e+00	1.518838e-04	2.971264e+13	4.597630e+16	1.387692e+16	6.458427e-04	1.743775e-06	1.000000e+00
-4.919920e+00	4.746325e+00	1.615305e-04	3.146899e+13	4.603223e+16	1.393461e+16	6.831624e-04	1.844539e-06	1.000000e+00
-4.921400e+00	4.764990e+00	1.717547e-04	3.332978e+13	4.608516e+16	1.398941e+16	7.226987e-04	1.951287e-06	1.000000e+00
-4.922880e+00	4.782725e+00	1.825894e-04	3.530091e+13	4.613526e+16	1.404147e+16	7.645761e-04	2.064355e-06	1.000000e+00
-4.924360e+00	4.799583e+00	1.940633e-04	3.738744e+13	4.618266e+16	1.409097e+16	8.089009e-04	2.184032e-06	1.000000e+00
-4.925840e+00	4.815612e+00	2.062241e-04	3.959805e+13	4.622751e+16	1.413803e+16	8.558574e-04	2.310815e-06	1.000000e+00
-4.927320e+00	4.830862e+00	2.191089e-04	4.193930e+13	4.626994e+16	1.418280e+16	9.055839e-04	2.445077e-06	1.000000e+00
-4.928800e+00	4.845377e+00	2.327613e-04	4.441902e+13	4.631008e+16	1.422541e+16	9.582462e-04	2.587265e-06	1.000000e+00
-4.930280e+00	4.859201e+00	2.472255e-04	4.704507e+13	4.634804e+16	1.426600e+16	1.014010e-03	2.737827e-06	1.000000e+00
-4.931760e+00	4.872377e+00	2.625516e-04	4.982641e+13	4.638394e+16	1.430468e+16	1.073064e-03	2.897273e-06	1.000000e+00
-4.933240e+00	4.884944e+00	2.787915e-04	5.277226e+13	4.641789e+16	1.434158e+16	1.135604e-03	3.066130e-06	1.000000e+00
-4.934720e+00	4.896941e+00	2.960029e-04	5.589294e+13	4.644999e+16	1.437680e+16	1.201847e-03	3.244986e-06	1.000000e+00
-4.936200e+00	4.908405e+00	3.142348e-04	5.919700e+13	4.648034e+16	1.441045e+16	1.271972e-03	3.434325e-06	1.000000e+00
-4.937680e+00	4.919371e+00	3.335576e-04	6.269704e+13	4.650904e+16	1.444265e+16	1.346247e-03	3.634866e-06	1.000000e+00
-4.939160e+00	4.929873e+00	3.540359e-04	6.640447e+13	4.653616e+16	1.447348e+16	1.424910e-03	3.847257e-06	1.000000e+00
-4.940640e+00	4.939945e+00	3.757313e-04	7.033009e+13	4.656181e+16	1.450305e+16	1.508189e-03	4.072111e-06	1.000000e+00
-4.942120e+00	4.949617e+00	3.987251e-04	7.448826e+13	4.658605e+16	1.453145e+16	1.596387e-03	4.310244e-06	1.000000e+00
-4.943600e+00	4.958920e+00	4.230886e-04	7.889148e+13	4.660895e+16	1.455876e+16	1.689765e-03	4.562365e-06	1.000000e+00
-4.945080e+00	4.967884e+00	4.489164e-04	8.355643e+13	4.663061e+16	1.458508e+16	1.788674e-03	4.829421e-06	1.000000e+00
-4.946560e+00	4.976536e+00	4.762852e-04	8.849643e+13	4.665107e+16	1.461048e+16	1.893394e-03	5.112165e-06	1.000000e+00
-4.948040e+00	4.984905e+00	5.052943e-04	9.372887e+13	4.667040e+16	1.463505e+16	2.004290e-03	5.411582e-06	1.000000e+00
-4.949520e+00	4.993016e+00	5.360395e-04	9.927038e+13	4.668868e+16	1.465886e+16	2.121708e-03	5.728613e-06	1.000000e+00
-4.951000e+00	5.000896e+00	5.686282e-04	1.051396e+14	4.670594e+16	1.468200e+16	2.246041e-03	6.064311e-06	1.000000e+00
-4.952480e+00	5.008570e+00	6.031702e-04	1.113556e+14	4.672226e+16	1.470453e+16	2.377685e-03	6.419748e-06	1.000000e+00
-4.953960e+00	5.016063e+00	6.397877e-04	1.179393e+14	4.673767e+16	1.472653e+16	2.517080e-03	6.796117e-06	1.000000e+00
-4.955440e+00	5.023399e+00	6.786059e-04	1.249125e+14	4.675224e+16	1.474806e+16	2.664677e-03	7.194628e-06	1.000000e+00
-4.956920e+00	5.030601e+00	7.197536e-04	1.322969e+14	4.676600e+16	1.476921e+16	2.820933e-03	7.616519e-06	1.000000e+00
-4.958400e+00	5.037693e+00	7.633852e-04	1.401193e+14	4.677899e+16	1.479003e+16	2.986400e-03	8.063281e-06	1.000000e+00
-4.959880e+00	5.044698e+00	8.096451e-04	1.484039e+14	4.679128e+16	1.481059e+16	3.161588e-03	8.536287e-06	1.000000e+00
-4.961360e+00	5.051638e+00	8.586943e-04	1.571782e+14	4.680288e+16	1.483097e+16	3.347061e-03	9.037064e-06	1.000000e+00
-4.962840e+00	5.058535e+00	9.106978e-04	1.664697e+14	4.681383e+16	1.485122e+16	3.543394e-03	9.567165e-06	1.000000e+00
-4.964320e+00	5.065414e+00	9.658523e-04	1.763119e+14	4.682419e+16	1.487141e+16	3.751277e-03	1.012845e-05	1.000000e+00
-4.965800e+00	5.072295e+00	1.024348e-03	1.867363e+14	4.683396e+16	1.489161e+16	3.971364e-03	1.072268e-05	1.000000e+00
-4.967280e+00	5.079202e+00	1.086387e-03	1.977766e+14	4.684320e+16	1.491189e+16	4.204346e-03	1.135174e-05	1.000000e+00
-4.968760e+00	5.086156e+00	1.152194e-03	2.094700e+14	4.685193e+16	1.493231e+16	4.450995e-03	1.201769e-05	1.000000e+00
-4.970240e+00	5.093181e+00	1.221997e-03	2.218538e+14	4.686017e+16	1.495293e+16	4.712071e-03	1.272259e-05	1.000000e+00
-4.971720e+00	5.100300e+00	1.296058e-03	2.349711e+14	4.686795e+16	1.497383e+16	4.988461e-03	1.346885e-05	1.000000e+00
-4.973200e+00	5.107536e+00	1.374629e-03	2.488627e+14	4.687530e+16	1.499508e+16	5.281000e-03	1.425870e-05	1.000000e+00
-4.974680e+00	5.114912e+00	1.458004e-03	2.635763e+14	4.688224e+16	1.501673e+16	5.590660e-03	1.509478e-05	1.000000e+00
-4.976160e+00	5.122454e+00	1.546483e-03	2.791598e+14	4.688880e+16	1.503887e+16	5.918421e-03	1.597974e-05	1.000000e+00
-4.977640e+00	5.130185e+00	1.640383e-03	2.956637e+14	4.689499e+16	1.506157e+16	6.265302e-03	1.691632e-05	1.000000e+00
-4.979120e+00	5.138131e+00	1.740057e-03	3.131440e+14	4.690084e+16	1.508490e+16	6.632442e-03	1.790759e-05	1.000000e+00
-4.980600e+00	5.146319e+00	1.845875e-03	3.316587e+14	4.690637e+16	1.510894e+16	7.021011e-03	1.895673e-05	1.000000e+00
-4.982080e+00	5.154774e+00	1.958215e-03	3.512664e+14	4.691158e+16	1.513376e+16	7.432189e-03	2.006691e-05	1.000000e+00
-4.983560e+00	5.163526e+00	2.077514e-03	3.720346e+14	4.691651e+16	1.515946e+16	7.867331e-03	2.124179e-05	1.000000e+00
-4.985040e+00	5.172603e+00	2.204208e-03	3.940300e+14	4.692116e+16	1.518611e+16	8.327768e-03	2.248497e-05	1.000000e+00
-4.986520e+00	5.182035e+00	2.338788e-03	4.173268e+14	4.692556e+16	1.521380e+16	8.814985e-03	2.380046e-05	1.000000e+00
-4.988000e+00	5.191852e+00	2.481749e-03	4.419991e+14	4.692970e+16	1.524262e+16	9.330446e-03	2.519221e-05	1.000000e+00
-4.989480e+00	5.202087e+00	2.633655e-03	4.681308e+14	4.693362e+16	1.527267e+16	9.875811e-03	2.666469e-05	1.000000e+00
-4.990960e+00	5.212775e+00	2.795099e-03	4.958086e+14	4.693732e+16	1.530405e+16	1.045279e-02	2.822253e-05	1.000000e+00
-4.992440e+00	5.223949e+00	2.966695e-03	5.251214e+14	4.694082e+16	1.533685e+16	1.106312e-02	2.987043e-05	1.000000e+00
-4.993920e+00	5.235648e+00	3.149135e-03	5.561688e+14	4.694412e+16	1.537120e+16	1.170875e-02	3.161361e-05	1.000000e+00
-4.995400e+00	5.247910e+00	3.343127e-03	5.890502e+14	4.694723e+16	1.540720e+16	1.239159e-02	3.345730e-05	1.000000e+00
-4.996880e+00	5.260774e+00	3.549460e-03	6.238763e+14	4.695018e+16	1.544497e+16	1.311379e-02	3.540724e-05	1.000000e+00
-4.998360e+00	5.274284e+00	3.768962e-03	6.607605e+14	4.695295e+16	1.548463e+16	1.387752e-02	3.746932e-05	1.000000e+00
-4.999840e+00	5.288484e+00	4.002543e-03	6.998269e+14	4.695558e+16	1.552632e+16	1.468515e-02	3.964991e-05	1.000000e+00
-5.001320e+00	5.303421e+00	4.251154e-03	7.412020e+14	4.695805e+16	1.557017e+16	1.553907e-02	4.195549e-05	1.000000e+00
-5.002800e+00	5.319143e+00	4.515832e-03	7.850222e+14	4.696039e+16	1.561633e+16	1.644183e-02	4.439295e-05	1.000000e+00
-5.004280e+00	5.335705e+00	4.797719e-03	8.314360e+14	4.696260e+16	1.566495e+16	1.739623e-02	4.696982e-05	1.000000e+00
-5.005760e+00	5.353159e+00	5.097991e-03	8.805921e+14	4.696469e+16	1.571619e+16	1.840499e-02	4.969348e-05	1.000000e+00
-5.007240e+00	5.371563e+00	5.417961e-03	9.326550e+14	4.696666e+16	1.577023e+16	1.947116e-02	5.257212e-05	1.000000e+00
-5.008720e+00	5.390978e+00	5.759025e-03	9.877959e+14	4.696852e+16	1.582723e+16	2.059783e-02	5.561413e-05	1.000000e+00
-5.010200e+00	5.411469e+00	6.122696e-03	1.046197e+15	4.697027e+16	1.588739e+16	2.178829e-02	5.882838e-05	1.000000e+00
-5.011680e+00	5.433102e+00	6.510607e-03	1.108050e+15	4.697193e+16	1.595090e+16	2.304598e-02	6.222414e-05	1.000000e+00
-5.013160e+00	5.455949e+00	6.924524e-03	1.173561e+15	4.697350e+16	1.601797e+16	2.437450e-02	6.581115e-05	1.000000e+00
-5.014640e+00	5.480085e+00	7.366364e-03	1.242944e+15	4.697498e+16	1.608884e+16	2.577764e-02	6.959963e-05	1.000000e+00
-5.016120e+00	5.505591e+00	7.838192e-03	1.316430e+15	4.697637e+16	1.616372e+16	2.725934e-02	7.360022e-05	1.000000e+00
-5.017600e+00	5.532550e+00	8.342250e-03	1.394260e+15	4.697769e+16	1.624287e+16	2.882372e-02	7.782405e-05	1.000000e+00
-5.019080e+00	5.561052e+00	8.880980e-03	1.476692e+15	4.697894e+16	1.632654e+16	3.047513e-02	8.228285e-05	1.000000e+00
-5.020560e+00	5.591189e+00	9.457021e-03	1.563997e+15	4.698011e+16	1.641502e+16	3.221806e-02	8.698877e-05	1.000000e+00
-5.022040e+00	5.623063e+00	1.007324e-02	1.656464e+15	4.698122e+16	1.650860e+16	3.405721e-02	9.195447e-05	1.000000e+00
-5.023520e+00	5.656778e+00	1.073276e-02	1.754398e+15	4.698227e+16	1.660758e+16	3.599749e-02	9.719323e-05	1.000000e+00
-5.025000e+00	5.692444e+00	1.143898e-02	1.858122e+15	4.698326e+16	1.671229e+16	3.804401e-02	1.027188e-04	1.000000e+00
-5.026480e+00	5.730181e+00	1.219559e-02	1.967978e+15	4.698419e+16	1.682308e+16	4.020205e-02	1.085455e-04	1.000000e+00
-5.027960e+00	5.770113e+00	1.300663e-02	2.084330e+15	4.698508e+16	1.694032e+16	4.247717e-02	1.146884e-04	1.000000e+00
-5.029440e+00	5.812370e+00	1.387650e-02	2.207560e+15	4.698591e+16	1.706438e+16	4.487506e-02	1.211627e-04	1.000000e+00
-5.030920e+00	5.857093e+00	1.480999e-02	2.338075e+15	4.698669e+16	1.719568e+16	4.740164e-02	1.279844e-04	1.000000e+00
-5.032400e+00	5.904430e+00	1.581236e-02	2.476307e+15	4.698744e+16	1.733466e+16	5.006308e-02	1.351703e-04	1.000000e+00
-5.033880e+00	5.954536e+00	1.688934e-02	2.622711e+15	4.698814e+16	1.748176e+16	5.286568e-02	1.427373e-04	1.000000e+00
-5.035360e+00	6.007578e+00	1.804722e-02	2.777773e+15	4.698880e+16	1.763749e+16	5.581603e-02	1.507033e-04	1.000000e+00
-5.036840e+00	6.063729e+00	1.929286e-02	2.942000e+15	4.698943e+16	1.780234e+16	5.892081e-02	1.590862e-04	1.000000e+00
-5.038320e+00	6.123176e+00	2.063382e-02	3.115938e+15	4.699002e+16	1.797687e+16	6.218698e-02	1.679049e-04	1.000000e+00
-5.039800e+00	6.186114e+00	2.207836e-02	3.300158e+15	4.699057e+16	1.816164e+16	6.562160e-02	1.771783e-04	1.000000e+00
-5.041280e+00	6.252751e+00	2.363558e-02	3.495272e+15	4.699110e+16	1.835728e+16	6.923199e-02	1.869264e-04	1.000000e+00
-5.042760e+00	6.323307e+00	2.531543e-02	3.701919e+15	4.699160e+16	1.856443e+16	7.302550e-02	1.971688e-04	1.000000e+00
-5.044240e+00	6.398016e+00	2.712893e-02	3.920786e+15	4.699206e+16	1.878376e+16	7.700975e-02	2.079263e-04	1.000000e+00
-5.045720e+00	6.477123e+00	2.908810e-02	4.152590e+15	4.699251e+16	1.901601e+16	8.119234e-02	2.192193e-04	1.000000e+00
-5.047200e+00	6.560890e+00	3.120628e-02	4.398101e+15	4.699293e+16	1.926194e+16	8.558110e-02	2.310690e-04	1.000000e+00
-5.048680e+00	6.649593e+00	3.349812e-02	4.658126e+15	4.699332e+16	1.952236e+16	9.018385e-02	2.434964e-04	1.000000e+00
-5.050160e+00	6.743524e+00	3.597977e-02	4.933525e+15	4.699369e+16	1.979813e+16	9.500845e-02	2.565228e-04	1.000000e+00
-5.051640e+00	6.842995e+00	3.866908e-02	5.225207e+15	4.699405e+16	2.009017e+16	1.000628e-01	2.701697e-04	1.000000e+00
-5.053120e+00	6.948332e+00	4.158572e-02	5.534131e+15	4.699438e+16	2.039942e+16	1.053548e-01	2.844580e-04	1.000000e+00
-5.054600e+00	7.059885e+00	4.475147e-02	5.861321e+15	4.699469e+16	2.072693e+16	1.108922e-01	2.994090e-04	1.000000e+00
-5.056080e+00	7.178020e+00	4.819038e-02	6.207854e+15	4.699499e+16	2.107376e+16	1.166828e-01	3.150435e-04	1.000000e+00
-5.057560e+00	7.303129e+00	5.192910e-02	6.574877e+15	4.699527e+16	2.144106e+16	1.227340e-01	3.313818e-04	1.000000e+00
-5.059040e+00	7.435622e+00	5.599705e-02	6.963598e+15	4.699553e+16	2.183004e+16	1.290532e-01	3.484436e-04	1.000000e+00
-5.060520e+00	7.575939e+00	6.042691e-02	7.375301e+15	4.699578e+16	2.224200e+16	1.356475e-01	3.662482e-04	1.000000e+00
-5.062000e+00	7.724542e+00	6.525484e-02	7.811345e+15	4.699602e+16	2.267828e+16	1.425237e-01	3.848139e-04	1.000000e+00
-5.063480e+00	7.881922e+00	7.052096e-02	8.273169e+15	4.699624e+16	2.314032e+16	1.496880e-01	4.041577e-04	1.000000e+00
-5.064960e+00	8.048597e+00	7.626974e-02	8.762296e+15	4.699645e+16	2.362966e+16	1.571466e-01	4.242958e-04	1.000000e+00
-5.066440e+00	8.225118e+00	8.255062e-02	9.280343e+15	4.699665e+16	2.414790e+16	1.649048e-01	4.452428e-04	1.000000e+00
-5.067920e+00	8.412068e+00	8.941842e-02	9.829016e+15	4.699683e+16	2.469676e+16	1.729673e-01	4.670118e-04	1.000000e+00
-5.069400e+00	8.610064e+00	9.693412e-02	1.041013e+16	4.699701e+16	2.527805e+16	1.813386e-01	4.896142e-04	1.000000e+00
-5.070880e+00	8.819758e+00	1.051654e-01	1.102560e+16	4.699718e+16	2.589369e+16	1.900219e-01	5.130592e-04	1.000000e+00
-5.072360e+00	9.041844e+00	1.141877e-01	1.167746e+16	4.699734e+16	2.654571e+16	1.990200e-01	5.373540e-04	1.000000e+00
-5.073840e+00	9.277054e+00	1.240848e-01	1.236785e+16	4.699748e+16	2.723625e+16	2.083346e-01	5.625034e-04	1.000000e+00
-5.075320e+00	9.526163e+00	1.349499e-01	1.309907e+16	4.699762e+16	2.796761e+16	2.179665e-01	5.885097e-04	1.000000e+00
-5.076800e+00	9.789996e+00	1.468869e-01	1.387351e+16	4.699776e+16	2.874219e+16	2.279156e-01	6.153722e-04	1.000000e+00
