U(V)	I(A)	T(C)
7.0311408691e-03	7.3090541743e-12	32.6711
2.1093421143e-02	-2.3868592666e-13	21.3102
3.5155701416e-02	-2.3741244027e-12	11.0433
4.9217981689e-02	1.5390825317e-12	13.6296
6.3280261963e-02	4.2138651073e-12	29.4690
7.7342542236e-02	-2.1320734213e-12	41.3985
9.1404822510e-02	-4.0150307192e-12	32.9510
1.0546710278e-01	2.9506621168e-12	21.5882
1.1952938306e-01	5.6480381553e-12	11.3061
1.3359166333e-01	6.6217263187e-13	13.2766
1.4765394360e-01	-2.9950383933e-13	29.1231
1.6171622388e-01	3.9407779665e-12	41.3633
1.7577850415e-01	7.5888041930e-12	33.2566
1.8984078442e-01	-1.9710716800e-12	21.9191
2.0390306470e-01	-4.4214381043e-12	11.5780
2.1796534497e-01	6.1348562827e-12	12.8847
2.3202762524e-01	7.4343048473e-12	28.7434
2.4608990552e-01	-1.5358259935e-12	41.2467
2.6015218579e-01	-3.8617122695e-12	33.5312
2.7421446606e-01	3.0907831952e-12	22.1193
2.8827674634e-01	1.3545687152e-11	11.7865
3.0233902661e-01	-1.3066484939e-12	12.5282
3.1640130688e-01	-3.5227823410e-12	28.3551
3.3046358716e-01	3.1592369261e-12	41.1442
3.4452586743e-01	1.5367476268e-11	33.8065
3.5858814771e-01	2.4077960892e-12	22.3719
3.7265042798e-01	-3.2340802180e-12	11.8632
3.8671270825e-01	4.2292236679e-12	11.9750
4.0077498853e-01	1.6777058713e-11	27.9221
4.1483726880e-01	2.1552018679e-12	41.0055
4.2889954907e-01	-4.6951154280e-13	34.0430
4.4296182935e-01	9.7892180329e-12	22.5672
4.5702410962e-01	2.1774418725e-11	12.1727
4.7108638989e-01	1.1422151226e-12	11.9003
4.8514867017e-01	4.4227802053e-13	27.6342
4.9921095044e-01	9.4863040406e-12	40.9382
5.1327323071e-01	2.7329029400e-11	34.4029
5.2733551099e-01	3.3997384716e-12	22.9314
5.4139779126e-01	6.0639492333e-13	12.4942
5.5546007153e-01	1.3631221313e-11	11.6469
5.6952235181e-01	3.2056496133e-11	27.2681
5.8358463208e-01	4.9991152167e-12	40.7735
5.9764691235e-01	3.4470703314e-12	34.7081
6.1170919263e-01	1.2113243151e-11	23.2345
6.2577147290e-01	3.8344903593e-11	12.7893
6.3983375317e-01	7.4714274273e-12	11.3706
6.5389603345e-01	-1.4533869546e-12	26.8850
6.6795831372e-01	1.1948294131e-11	40.6065
6.8202059399e-01	4.2100072800e-11	34.9926
6.9608287427e-01	6.3215594020e-12	23.4705
7.1014515454e-01	2.5431160066e-12	12.9914
7.2420743481e-01	1.6193760571e-11	11.0958
7.3826971509e-01	5.1427282667e-11	26.5119
7.5233199536e-01	1.0754458953e-11	40.4363
7.6639427563e-01	7.6735221453e-13	35.3151
7.8045655591e-01	1.6738387181e-11	23.7742
7.9451883618e-01	5.7600833867e-11	13.2729
8.0858111645e-01	1.5236318968e-11	10.8647
8.2264339673e-01	-3.9797045655e-13	26.1322
8.3670567700e-01	1.9168685502e-11	40.2329
8.5076795728e-01	7.0593615953e-11	35.5994
8.6483023755e-01	1.8293021375e-11	24.0254
8.7889251782e-01	3.0840890283e-12	13.4834
8.9295479810e-01	2.1252190624e-11	10.6138
9.0701707837e-01	8.5723728825e-11	25.7472
9.2107935864e-01	3.0738324299e-11	40.0164
9.3514163892e-01	6.8042051587e-12	35.9035
9.4920391919e-01	3.1321627031e-11	24.2910
9.6326619946e-01	1.0607936027e-10	13.7198
9.7732847974e-01	3.9829476847e-11	10.3988
9.9139076001e-01	8.8714356812e-12	25.3700
1.0054530403e+00	3.9152524031e-11	39.7821
1.0195153206e+00	1.4246156093e-10	36.2157
1.0335776008e+00	5.4261558360e-11	24.5824
1.0476398811e+00	1.9776476253e-11	14.0080
1.0617021614e+00	5.3967534667e-11	10.2231
1.0757644416e+00	1.7980232267e-10	24.9968
1.0898267219e+00	7.4978108133e-11	39.5370
1.1038890022e+00	3.0470656933e-11	36.5202
1.1179512825e+00	6.4589976680e-11	24.8579
1.1320135627e+00	2.1669217733e-10	14.2470
1.1460758430e+00	9.4403354140e-11	10.0283
1.1601381233e+00	3.7386821147e-11	24.6223
1.1742004036e+00	7.3492513000e-11	39.2818
1.1882626838e+00	2.4168280420e-10	36.8181
1.2023249641e+00	1.0153148140e-10	25.1238
1.2163872444e+00	3.6691076513e-11	14.4925
1.2304495247e+00	7.3603491140e-11	9.8699
1.2445118049e+00	2.4247464153e-10	24.2476
1.2585740852e+00	9.4374054667e-11	39.0048
1.2726363655e+00	3.4357988160e-11	37.1390
1.2866986458e+00	6.7592647000e-11	25.4012
1.3007609260e+00	2.3297736467e-10	14.7428
1.3148232063e+00	8.7539160800e-11	9.7225
1.3288854866e+00	3.3529244360e-11	23.8732
1.3429477668e+00	6.7092596107e-11	38.6993
1.3570100471e+00	2.2354260400e-10	37.4684
1.3710723274e+00	8.3787400200e-11	25.7049
1.3851346077e+00	3.2600618827e-11	15.0210
1.3991968879e+00	6.4637137349e-11	9.6217
1.4132591682e+00	2.1323245787e-10	23.5473
1.4273214485e+00	7.3081416933e-11	38.4163
1.4413837288e+00	3.3339662867e-11	37.7632
1.4554460090e+00	6.3885808733e-11	25.9753
1.4695082893e+00	2.1523072620e-10	15.2774
1.4835705696e+00	7.3706167333e-11	9.5143
1.4976328499e+00	2.5346538873e-11	23.1710
1.5116951301e+00	5.1805945267e-11	38.0881
1.5257574104e+00	2.6717299913e-10	38.0939
1.5398196907e+00	9.0875995407e-11	26.2438
1.5538819709e+00	2.1970370027e-11	15.5172
1.5679442512e+00	6.8631807060e-11	9.4037
1.5820065315e+00	7.4463305027e-10	22.7914
1.5960688118e+00	6.3548012000e-10	37.7411
1.6101310920e+00	1.5620829647e-10	38.3875
1.6241933723e+00	1.5936665289e-10	26.4862
1.6382556526e+00	5.3380028867e-10	15.7196
1.6523179329e+00	8.9899307200e-10	9.2729
1.6663802131e+00	2.3219583527e-10	22.3866
1.6804424934e+00	3.7871058933e-10	37.3762
1.6945047737e+00	1.7132312547e-09	38.6562
1.7085670540e+00	2.0278171807e-09	26.7324
1.7226293342e+00	7.9181083200e-10	15.9615
1.7366916145e+00	7.7082018333e-10	9.1855
1.7507538948e+00	4.7849565867e-09	22.0118
1.7648161750e+00	5.9225512933e-09	37.0463
1.7788784553e+00	3.1930728133e-09	38.9422
1.7929407356e+00	5.5323317333e-09	27.0036
1.8070030159e+00	1.6257536000e-08	16.2192
1.8210652961e+00	1.1948562487e-08	9.1334
1.8351275764e+00	2.2856300400e-09	21.6284
1.8491898567e+00	3.1528743600e-09	36.6894
1.8632521370e+00	2.7114411987e-08	39.2212
1.8773144172e+00	2.3507823333e-08	27.2837
1.8913766975e+00	9.3984992000e-09	16.4464
1.9054389778e+00	1.2388693260e-08	9.0826
1.9195012581e+00	3.5158125467e-08	21.3035
1.9335635383e+00	3.0694192267e-08	36.3948
1.9476258186e+00	1.3128769627e-08	39.4146
1.9616880989e+00	1.6617578860e-08	27.4745
1.9757503791e+00	4.7265475667e-08	16.6083
1.9898126594e+00	3.8361506333e-08	9.0047
2.0038749397e+00	1.5526437467e-08	20.8970
2.0179372200e+00	1.9975917467e-08	36.0295
2.0319995002e+00	5.6199465400e-08	39.6374
2.0460617805e+00	4.8335270067e-08	27.7121
2.0601240608e+00	2.0731434600e-08	16.8221
2.0741863411e+00	2.8010252467e-08	8.9551
2.0882486213e+00	7.0446905667e-08	20.5002
2.1023109016e+00	5.9166046333e-08	35.6708
2.1163731819e+00	2.6551181200e-08	39.8580
2.1304354622e+00	3.9671006067e-08	27.9624
2.1444977424e+00	8.2029050600e-08	17.0398
2.1585600227e+00	7.0236831000e-08	8.9258
2.1726223030e+00	3.4014445000e-08	20.0990
2.1866845833e+00	4.6849476800e-08	35.3354
2.2007468635e+00	9.8173773400e-08	40.1092
2.2148091438e+00	8.2211176333e-08	28.3145
2.2288714241e+00	4.1978642933e-08	17.3405
2.2429208920e+00	5.5894996533e-08	8.9535
2.2569491104e+00	1.0960744240e-07	19.7165
2.2710113906e+00	9.8383121133e-08	34.9839
2.2850736709e+00	5.3529734067e-08	40.2949
2.2991359512e+00	6.6039083067e-08	28.5735
2.3131982314e+00	1.1539803860e-07	17.6172
2.3272605117e+00	1.0033122540e-07	9.0304
2.3413227920e+00	5.7494870733e-08	19.3376
2.3553850723e+00	7.2934169667e-08	34.6207
2.3694473525e+00	1.2977535400e-07	40.4684
2.3835096328e+00	1.1933325220e-07	28.8199
2.3975719131e+00	6.5409480667e-08	17.7022
2.4116341934e+00	7.7033892133e-08	8.8772
2.4256964736e+00	1.4095095067e-07	18.9166
2.4397587539e+00	1.3584686307e-07	34.2796
2.4538210342e+00	7.3343802400e-08	40.6402
2.4678833145e+00	7.9789176200e-08	29.1106
2.4819455947e+00	1.4168437267e-07	18.0953
2.4960078750e+00	1.2755127713e-07	9.1069
2.5100701553e+00	7.8031375867e-08	18.5711
2.5241324355e+00	9.1245701000e-08	33.9376
2.5381947158e+00	1.4514626267e-07	40.8056
2.5522569961e+00	1.4747975467e-07	29.3996
2.5663192764e+00	8.6567770600e-08	18.3630
2.5803693693e+00	9.4847220400e-08	9.1905
2.5943969626e+00	1.5619810333e-07	18.1699
2.6084592429e+00	1.5520421813e-07	33.5792
2.6225215232e+00	8.5452851933e-08	40.9398
2.6365838035e+00	9.6601889400e-08	29.6631
2.6506460837e+00	1.4966509800e-07	18.5846
2.6647083640e+00	1.5586680533e-07	9.2449
2.6787706443e+00	8.7431174333e-08	17.7791
2.6928329246e+00	9.0277069733e-08	33.2301
2.7068952048e+00	1.5153103400e-07	41.0171
2.7209574851e+00	1.5580221053e-07	29.8794
2.7350197654e+00	8.8037374467e-08	18.7877
2.7490820457e+00	9.0934185467e-08	9.3250
2.7631443259e+00	1.4634190467e-07	17.4089
2.7772066062e+00	1.5143456667e-07	32.8947
2.7912688865e+00	8.1247000467e-08	41.1907
2.8053311667e+00	8.4338056333e-08	30.2686
2.8193934470e+00	1.4493831133e-07	19.1656
2.8334557273e+00	1.5305701733e-07	9.5452
2.8475180076e+00	8.4212495467e-08	17.0164
2.8615802878e+00	8.7325920933e-08	32.5375
2.8756425681e+00	1.4026664133e-07	41.2888
2.8897048484e+00	1.4833999240e-07	30.5617
2.9037671287e+00	8.3759807600e-08	19.4320
2.9178294089e+00	8.7125914867e-08	9.6817
2.9318916892e+00	1.3508698867e-07	16.6076
2.9459539695e+00	1.5191090067e-07	32.1811
2.9600162498e+00	8.8787787467e-08	41.3544
2.9740785300e+00	9.0880670933e-08	30.8014
2.9881408103e+00	1.3610282333e-07	19.6315
2.9975625381e+00	1.5518108235e-07	12.7189
