# MAPbBr3 S2, dark   params: examples/MAPbBr3_S2.params
# ALTERNATIVE reading: analysis branch applied to examples/VJT.dat.
# One row per measured point; p_t is the total space charge of Eq (6).
# valid = 1 at 100 of 214 points; the rest are not physical.
V(V)	J(A/m2)	T(K)	m	gamma	mu_eff(m2/Vs)	p_f(m-3)	p_t(m-3)	Theta	E_F(eV)	valid
7.031141e-03	9.492278e-07	3.058211e+02	-6.908452e-01	-1.447502e+00	6.314681e-04	5.431467e+13	2.322360e+14	2.338771e-01	-4.918352e+00	0.000000e+00
2.109342e-02	-3.099817e-08	2.944602e+02	-2.288010e-01	-4.370611e+00	-3.057885e-07	-3.199522e+11	2.825061e+15	-1.132550e-04	-4.814090e+00	0.000000e+00
3.515570e-02	-3.083278e-07	2.841933e+02	-1.555149e-01	-6.430252e+00	-4.519614e-07	-1.442957e+12	8.620171e+15	-1.673931e-04	-4.878987e+00	0.000000e+00
4.921798e-02	1.998808e-07	2.867796e+02	4.261700e-03	2.346481e+02	-6.242045e-12	-2.421168e+10	1.047277e+19	-2.311868e-09	-4.771255e+00	0.000000e+00
6.328026e-02	5.472552e-07	3.026190e+02	1.401707e+00	7.134161e-01	2.756070e-04	9.323106e+12	9.133436e+13	1.020767e-01	-4.879735e+00	0.000000e+00
7.734254e-02	-2.768927e-07	3.145485e+02	6.467750e-01	1.546133e+00	3.936256e-04	-1.094060e+13	-7.504496e+13	1.457873e-01	-4.854894e+00	0.000000e+00
9.140482e-02	-5.214326e-07	3.061010e+02	-1.658416e-01	-6.029849e+00	-1.317237e-07	-9.853687e+11	2.019754e+16	-4.878656e-05	-4.811948e+00	0.000000e+00
1.054671e-01	3.832029e-07	2.947382e+02	-2.305401e+00	-4.337641e-01	3.880833e-06	2.070667e+12	1.440619e+15	1.437345e-03	-4.860761e+00	0.000000e+00
1.195294e-01	7.335114e-07	2.844561e+02	-1.398140e+00	-7.152359e-01	3.884037e-06	3.134742e+12	2.179125e+15	1.438532e-03	-4.897323e+00	0.000000e+00
1.335917e-01	8.599645e-08	2.864266e+02	-4.244921e-01	-2.355757e+00	7.240507e-08	2.049815e+11	7.643802e+15	2.681669e-05	-4.825020e+00	0.000000e+00
1.476539e-01	-3.889660e-08	3.022731e+02	2.201153e-01	4.543073e+00	7.448841e-08	1.436762e+11	5.207868e+15	2.758830e-05	-4.771890e+00	0.000000e+00
1.617162e-01	5.117893e-07	3.145133e+02	1.700966e+00	5.879011e-01	2.278333e-05	3.108491e+12	3.683801e+14	8.438272e-03	-4.820876e+00	0.000000e+00
1.757785e-01	9.855590e-07	3.064066e+02	5.102414e+00	1.959856e-01	1.166198e-05	4.310761e+12	9.980345e+14	4.319251e-03	-4.850110e+00	0.000000e+00
1.898408e-01	-2.559833e-07	2.950691e+02	4.912582e+00	2.035589e-01	-2.643735e-06	-1.041085e+12	1.063242e+15	-9.791611e-04	-4.842427e+00	0.000000e+00
2.039031e-01	-5.742127e-07	2.847280e+02	-8.145656e-01	-1.227648e+00	-5.693393e-07	-1.210152e+12	5.738952e+15	-2.108664e-04	-4.873282e+00	0.000000e+00
2.179653e-01	7.967346e-07	2.860347e+02	-1.086501e+00	-9.203856e-01	9.795684e-07	1.736054e+12	4.785112e+15	3.628031e-04	-4.878764e+00	0.000000e+00
2.320276e-01	9.654941e-07	3.018934e+02	-6.787167e-02	-1.473369e+01	3.894226e-09	3.449017e+11	2.391321e+17	1.442306e-06	-4.795736e+00	0.000000e+00
2.460899e-01	-1.994579e-07	3.143967e+02	6.801074e-01	1.470356e+00	2.387997e-05	-2.122514e+12	-2.399831e+14	8.844434e-03	-4.810835e+00	0.000000e+00
2.601522e-01	-5.015211e-07	3.066812e+02	-1.810292e+00	-5.523971e-01	-7.009705e-07	-1.047588e+12	4.035103e+15	-2.596187e-04	-4.812035e+00	0.000000e+00
2.742145e-01	4.014004e-07	2.952693e+02	-9.103963e-01	-1.098423e+00	2.535056e-07	6.552754e+11	6.979110e+15	9.389097e-05	-4.830121e+00	0.000000e+00
2.882767e-01	1.759180e-06	2.849365e+02	9.387449e-01	1.065252e+00	-3.551995e-04	9.054893e+12	-6.882952e+13	-1.315554e-01	-4.922153e+00	0.000000e+00
3.023390e-01	-1.696946e-07	2.856782e+02	2.037138e+00	4.908848e-01	-1.531735e-06	-5.158561e+11	9.093031e+14	-5.673093e-04	-4.849809e+00	0.000000e+00
3.164013e-01	-4.575042e-07	3.015051e+02	2.917448e-01	3.427653e+00	8.835919e-07	1.404790e+12	4.292629e+15	3.272563e-04	-4.833283e+00	0.000000e+00
3.304636e-01	4.102905e-07	3.142942e+02	-1.389104e+00	-7.198883e-01	2.824924e-07	6.331314e+11	6.051332e+15	1.046268e-04	-4.778337e+00	0.000000e+00
3.445259e-01	1.995776e-06	3.069565e+02	2.837367e+00	3.524395e-01	9.151027e-06	4.876696e+12	1.438864e+15	3.389269e-03	-4.851992e+00	0.000000e+00
3.585881e-01	3.127008e-07	2.955219e+02	3.275819e+00	3.052671e-01	1.165955e-06	7.136888e+11	1.652689e+15	4.318350e-04	-4.831621e+00	0.000000e+00
3.726504e-01	-4.200104e-07	2.850132e+02	-3.503334e-01	-2.854424e+00	-3.185567e-08	-3.220311e+11	2.729448e+16	-1.179840e-05	-4.840022e+00	0.000000e+00
3.867127e-01	5.492498e-07	2.851250e+02	-8.715398e+00	-1.147395e-01	7.048079e-07	9.315404e+11	3.568574e+15	2.610400e-04	-4.865816e+00	0.000000e+00
4.007750e-01	2.178839e-06	3.010721e+02	-2.833714e-01	-3.528937e+00	9.373658e-08	1.363829e+12	3.928390e+16	3.471725e-05	-4.833644e+00	0.000000e+00
4.148373e-01	2.798963e-07	3.141555e+02	3.811012e+00	2.623975e-01	6.986880e-07	5.385749e+11	2.081261e+15	2.587733e-04	-4.774330e+00	0.000000e+00
4.288995e-01	-6.097553e-08	3.071930e+02	-2.092266e+00	-4.779506e-01	-3.494331e-08	-7.957642e+10	6.148712e+15	-1.294197e-05	-4.742456e+00	0.000000e+00
4.429618e-01	1.271327e-06	2.957172e+02	-9.261140e+00	-1.079781e-01	1.259001e-06	1.888435e+12	4.049856e+15	4.662968e-04	-4.855898e+00	0.000000e+00
4.570241e-01	2.827847e-06	2.853227e+02	2.608143e+00	3.834146e-01	8.038072e-06	5.308785e+12	1.783229e+15	2.977064e-03	-4.908084e+00	0.000000e+00
4.710864e-01	1.483396e-07	2.850503e+02	9.742998e+00	1.026378e-01	1.979487e-07	2.301884e+11	3.139746e+15	7.331433e-05	-4.831674e+00	0.000000e+00
4.851487e-01	5.743870e-08	3.007842e+02	-9.891498e-01	-1.010969e+00	1.280565e-08	5.453817e+10	1.149907e+16	4.742834e-06	-4.750956e+00	0.000000e+00
4.992110e-01	1.231988e-06	3.140882e+02	-5.566629e+00	-1.796419e-01	8.438834e-07	1.570414e+12	5.024530e+15	3.125494e-04	-4.803476e+00	0.000000e+00
5.132732e-01	3.549225e-06	3.075529e+02	9.342983e+00	1.070322e-01	4.027901e-06	5.066625e+12	3.396281e+15	1.491815e-03	-4.851513e+00	1.000000e+00
5.273355e-01	4.415245e-07	2.960814e+02	1.306778e+01	7.652412e-02	4.445765e-07	6.037513e+11	3.666700e+15	1.646580e-04	-4.825864e+00	1.000000e+00
5.413978e-01	7.875259e-08	2.856442e+02	-4.720524e-01	-2.118409e+00	4.859647e-09	4.898871e+10	2.721792e+16	1.799869e-06	-4.791951e+00	0.000000e+00
5.554601e-01	1.770288e-06	2.847969e+02	-2.145068e+00	-4.661857e-01	6.155491e-07	1.792431e+12	7.862191e+15	2.279811e-04	-4.882742e+00	0.000000e+00
5.695224e-01	4.163181e-06	3.004181e+02	9.215000e+00	1.085187e-01	3.849925e-06	5.360306e+12	3.759249e+15	1.425898e-03	-4.870783e+00	1.000000e+00
5.835846e-01	6.492357e-07	3.139235e+02	1.485436e+01	6.732028e-02	5.234886e-07	7.983913e+11	4.117867e+15	1.938847e-04	-4.785604e+00	1.000000e+00
5.976469e-01	4.476715e-07	3.078581e+02	-9.565145e-01	-1.045463e+00	6.320288e-08	3.411447e+11	1.457355e+16	2.340847e-05	-4.779172e+00	0.000000e+00
6.117092e-01	1.573148e-06	2.963845e+02	-9.324736e+00	-1.072416e-01	8.180379e-07	1.692729e+12	5.586988e+15	3.029770e-04	-4.851383e+00	0.000000e+00
6.257715e-01	4.979858e-06	2.859393e+02	7.802742e-01	1.281601e+00	-8.371141e-05	1.536429e+13	-4.955546e+14	-3.100423e-02	-4.932737e+00	0.000000e+00
6.398338e-01	9.703153e-07	2.845206e+02	6.750628e+00	1.481344e-01	7.761638e-07	1.135830e+12	3.951152e+15	2.874681e-04	-4.872269e+00	0.000000e+00
6.538960e-01	-1.887516e-07	3.000350e+02	-2.268577e+00	-4.408050e-01	-4.920017e-08	-1.640310e+11	9.001668e+15	-1.822229e-05	-4.781588e+00	0.000000e+00
6.679583e-01	1.551727e-06	3.137565e+02	-8.673417e+00	-1.152948e-01	6.667297e-07	1.523253e+12	6.168591e+15	2.469369e-04	-4.803515e+00	0.000000e+00
6.820206e-01	5.467542e-06	3.081426e+02	4.920453e+00	2.032333e-01	4.371671e-06	6.188424e+12	3.822050e+15	1.619137e-03	-4.855351e+00	0.000000e+00
6.960829e-01	8.209817e-07	2.966205e+02	1.501397e+01	6.660464e-02	4.645896e-07	8.461142e+11	4.917261e+15	1.720702e-04	-4.833048e+00	0.000000e+00
7.101452e-01	3.302748e-07	2.861414e+02	1.726102e+00	5.793400e-01	7.379629e-07	4.540621e+11	1.661286e+15	2.733196e-04	-4.845419e+00	1.000000e+00
7.242074e-01	2.103086e-06	2.842458e+02	-1.445710e+01	-6.917015e-02	8.380244e-07	1.946592e+12	6.271653e+15	3.103794e-04	-4.886184e+00	0.000000e+00
7.382697e-01	6.678868e-06	2.996619e+02	3.612581e-01	2.768104e+00	-1.123801e-05	-1.633596e+13	3.924815e+15	-4.162225e-03	-4.901442e+00	0.000000e+00
7.523320e-01	1.396683e-06	3.135863e+02	9.897355e+00	1.010371e-01	7.282305e-07	1.355966e+12	5.027404e+15	2.697150e-04	-4.800814e+00	1.000000e+00
7.663943e-01	9.965613e-08	3.084651e+02	7.124380e-01	1.403631e+00	-1.130706e-06	3.024222e+11	-7.221506e+14	-4.187800e-04	-4.774312e+00	0.000000e+00
7.804566e-01	2.173817e-06	2.969242e+02	-1.882682e+01	-5.311572e-02	7.691080e-07	1.881646e+12	6.605630e+15	2.848548e-04	-4.852694e+00	0.000000e+00
7.945188e-01	7.480628e-06	2.864229e+02	7.706536e-01	1.297600e+00	-7.721338e-05	1.859201e+13	-6.501260e+14	-2.859755e-02	-4.936286e+00	0.000000e+00
8.085811e-01	1.978743e-06	2.840147e+02	1.819827e+01	5.495027e-02	8.098245e-07	1.745067e+12	5.818151e+15	2.999350e-04	-4.884103e+00	0.000000e+00
8.226434e-01	-5.168447e-08	2.992822e+02	1.611634e+00	6.204882e-01	-1.011639e-07	-6.316844e+10	1.685925e+15	-3.746811e-05	-4.759078e+00	0.000000e+00
8.367057e-01	2.489440e-06	3.133829e+02	-6.957203e+00	-1.437359e-01	6.472211e-07	1.925018e+12	8.030559e+15	2.397115e-04	-4.810809e+00	0.000000e+00
8.507680e-01	9.168002e-06	3.087494e+02	1.099531e+01	9.094788e-02	3.657573e-06	7.829299e+12	5.779546e+15	1.354656e-03	-4.860103e+00	0.000000e+00
8.648302e-01	2.375717e-06	2.971754e+02	2.914489e+01	3.431133e-02	8.143877e-07	1.938323e+12	6.426267e+15	3.016251e-04	-4.852806e+00	0.000000e+00
8.788925e-01	4.005310e-07	2.866334e+02	4.191076e+00	2.386022e-01	2.099921e-07	3.588559e+11	4.614034e+15	7.777486e-05	-4.838280e+00	1.000000e+00
8.929548e-01	2.760025e-06	2.837638e+02	-6.058459e+00	-1.650585e-01	6.063619e-07	1.980118e+12	8.817041e+15	2.245785e-04	-4.887840e+00	0.000000e+00
9.070171e-01	1.113295e-05	2.988972e+02	8.303441e+00	1.204320e-01	4.166379e-06	9.057616e+12	5.869741e+15	1.543103e-03	-4.888081e+00	1.000000e+00
9.210794e-01	3.991990e-06	3.131664e+02	2.077664e+01	4.813099e-02	1.241314e-06	3.079774e+12	6.698860e+15	4.597459e-04	-4.824050e+00	1.000000e+00
9.351416e-01	8.836630e-07	3.090535e+02	5.432000e+00	1.840942e-01	3.593107e-07	7.217604e+11	5.423588e+15	1.330780e-04	-4.795865e+00	1.000000e+00
9.492039e-01	4.067744e-06	2.974410e+02	-8.527521e+00	-1.172674e-01	8.623645e-07	2.807343e+12	8.789585e+15	3.193942e-04	-4.861616e+00	0.000000e+00
9.632662e-01	1.377654e-05	2.868698e+02	3.740679e+00	2.673311e-01	6.457635e-06	1.144868e+13	4.786804e+15	2.391717e-03	-4.923238e+00	1.000000e+00
9.773285e-01	5.172659e-06	2.835488e+02	1.760750e+01	5.679397e-02	1.454633e-06	3.777736e+12	7.012001e+15	5.387528e-04	-4.904176e+00	1.000000e+00
9.913908e-01	1.152135e-06	2.985200e+02	5.475089e+00	1.826454e-01	4.154210e-07	8.869431e+11	5.764625e+15	1.538596e-04	-4.829230e+00	1.000000e+00
1.005453e+00	5.084743e-06	3.129321e+02	-4.239741e+00	-2.358635e-01	7.788418e-07	3.137177e+12	1.087561e+16	2.884599e-04	-4.825144e+00	0.000000e+00
1.019515e+00	1.850150e-05	3.093657e+02	7.430483e+00	1.345808e-01	5.654639e-06	1.349317e+13	6.442772e+15	2.094311e-03	-4.873097e+00	1.000000e+00
1.033578e+00	7.046956e-06	2.977324e+02	2.024295e+01	4.939992e-02	1.744801e-06	4.848052e+12	7.502140e+15	6.462226e-04	-4.874892e+00	1.000000e+00
1.047640e+00	2.568374e-06	2.871580e+02	6.335333e+00	1.578449e-01	7.833476e-07	1.845853e+12	6.362185e+15	2.901287e-04	-4.877382e+00	1.000000e+00
1.061702e+00	7.008771e-06	2.833731e+02	-4.806427e+00	-2.080548e-01	1.009939e-06	4.146736e+12	1.108601e+16	3.740514e-04	-4.906893e+00	0.000000e+00
1.075764e+00	2.335095e-05	2.981468e+02	4.772561e+00	2.095311e-01	7.617575e-06	1.681503e+13	5.959979e+15	2.821324e-03	-4.905810e+00	1.000000e+00
1.089827e+00	9.737417e-06	3.126870e+02	1.597838e+01	6.258457e-02	2.229031e-06	6.396474e+12	7.747977e+15	8.255670e-04	-4.844963e+00	1.000000e+00
1.103889e+00	3.957228e-06	3.096702e+02	5.265851e+00	1.899028e-01	1.170481e-06	2.746888e+12	6.336369e+15	4.335113e-04	-4.829886e+00	1.000000e+00
1.117951e+00	8.388309e-06	2.980079e+02	-6.517738e+00	-1.534275e-01	1.200446e-06	4.832795e+12	1.086975e+16	4.446097e-04	-4.874123e+00	0.000000e+00
1.132014e+00	2.814184e-05	2.873970e+02	2.175052e+00	4.597592e-01	1.639266e-05	2.238666e+13	3.687259e+15	6.071355e-03	-4.938570e+00	1.000000e+00
1.146076e+00	1.226018e-05	2.831783e+02	1.372895e+01	7.283880e-02	2.593245e-06	7.699143e+12	8.016091e+15	9.604610e-04	-4.922481e+00	1.000000e+00
1.160138e+00	4.855431e-06	2.977723e+02	3.850128e+00	2.597316e-01	1.539400e-06	3.335638e+12	5.850475e+15	5.701483e-04	-4.865198e+00	1.000000e+00
1.174200e+00	9.544482e-06	3.124318e+02	-9.894361e+00	-1.010677e-01	1.362507e-06	5.365957e+12	1.063340e+16	5.046321e-04	-4.840866e+00	0.000000e+00
1.188263e+00	3.138738e-05	3.099681e+02	-1.311400e+00	-7.625437e-01	1.581018e-06	1.326205e+13	2.264840e+16	5.855621e-04	-4.871181e+00	0.000000e+00
1.202325e+00	1.318591e-05	2.982738e+02	1.138136e+01	8.786294e-02	2.616574e-06	7.955110e+12	8.208749e+15	9.691014e-04	-4.886269e+00	1.000000e+00
1.216387e+00	4.765075e-06	2.876425e+02	1.289598e+00	7.754354e-01	9.149266e-06	4.437039e+12	1.309395e+15	3.388617e-03	-4.897873e+00	1.000000e+00
1.230450e+00	9.558895e-06	2.830199e+02	-1.285388e+01	-7.779752e-02	1.298080e-06	5.185824e+12	1.078649e+16	4.807702e-04	-4.913231e+00	0.000000e+00
1.244512e+00	3.149021e-05	2.973976e+02	-3.409423e+00	-2.933047e-01	2.859684e-06	1.530354e+13	1.444900e+16	1.059142e-03	-4.905187e+00	0.000000e+00
1.258574e+00	1.225637e-05	3.121548e+02	1.093323e+01	9.146426e-02	2.236797e-06	7.077174e+12	8.542739e+15	8.284433e-04	-4.849003e+00	1.000000e+00
1.272636e+00	4.462076e-06	3.102890e+02	2.834294e-01	3.528216e+00	-4.463850e-07	-3.182182e+12	1.924772e+16	-1.653278e-04	-4.832241e+00	0.000000e+00
1.286699e+00	8.778266e-06	2.985512e+02	-1.365186e+01	-7.325011e-02	1.099551e-06	4.564122e+12	1.120742e+16	4.072413e-04	-4.871294e+00	0.000000e+00
1.300761e+00	3.025680e-05	2.878928e+02	-2.614933e+00	-3.824189e-01	2.180304e-06	1.354205e+13	1.676993e+16	8.075198e-04	-4.924929e+00	0.000000e+00
1.314823e+00	1.136872e-05	2.828725e+02	1.223766e+01	8.171496e-02	1.861821e-06	6.251846e+12	9.066382e+15	6.895634e-04	-4.918155e+00	1.000000e+00
1.328885e+00	4.354447e-06	2.970232e+02	9.421394e-01	1.061414e+00	-4.360207e-05	4.842265e+12	-2.998508e+14	-1.614891e-02	-4.876632e+00	0.000000e+00
1.342948e+00	8.713324e-06	3.118493e+02	-1.396821e+01	-7.159111e-02	1.005063e-06	4.344080e+12	1.166993e+16	3.722456e-04	-4.836642e+00	0.000000e+00
1.357010e+00	2.903151e-05	3.106184e+02	-2.485752e+00	-4.022927e-01	1.863708e-06	1.235201e+13	1.789467e+16	6.902621e-04	-4.867707e+00	0.000000e+00
1.371072e+00	1.088148e-05	2.988549e+02	1.236095e+01	8.089994e-02	1.635965e-06	5.735973e+12	9.466660e+15	6.059130e-04	-4.876419e+00	1.000000e+00
1.385135e+00	4.233847e-06	2.881710e+02	-3.915979e-01	-2.553640e+00	2.865004e-08	9.310254e+11	8.774050e+16	1.061113e-05	-4.857777e+00	0.000000e+00
1.399197e+00	8.394433e-06	2.827717e+02	-1.460607e+01	-6.846467e-02	8.973093e-07	4.022921e+12	1.210495e+16	3.323368e-04	-4.907661e+00	0.000000e+00
1.413259e+00	2.769253e-05	2.966973e+02	-2.248366e+00	-4.447674e-01	1.536069e-06	1.111681e+13	1.954039e+16	5.689145e-04	-4.898695e+00	0.000000e+00
1.427321e+00	9.491093e-06	3.115663e+02	1.370329e+01	7.297515e-02	1.294707e-06	4.786127e+12	9.981056e+15	4.795211e-04	-4.839955e+00	1.000000e+00
1.441384e+00	4.329826e-06	3.109132e+02	9.647891e-01	1.036496e+00	-5.884704e-05	4.324286e+12	-1.984054e+14	-2.179520e-02	-4.838872e+00	0.000000e+00
1.455446e+00	8.296858e-06	2.991253e+02	-1.665348e+01	-6.004750e-02	8.329262e-07	3.838110e+12	1.244156e+16	3.084912e-04	-4.865391e+00	0.000000e+00
1.469508e+00	2.795204e-05	2.884274e+02	-5.262229e+00	-1.900335e-01	2.169570e-06	1.204669e+13	1.499195e+16	8.035443e-04	-4.920735e+00	0.000000e+00
1.483571e+00	9.572230e-06	2.826643e+02	1.384050e+01	7.225171e-02	1.206787e-06	4.642284e+12	1.038639e+16	4.469582e-04	-4.911418e+00	1.000000e+00
1.497633e+00	3.291758e-06	2.963210e+02	4.222731e+00	2.368136e-01	5.917727e-07	1.729026e+12	7.888788e+15	2.191751e-04	-4.852089e+00	1.000000e+00
1.511695e+00	6.728045e-06	3.112381e+02	-1.563351e+01	-6.396518e-02	6.214313e-07	2.990883e+12	1.299481e+16	2.301598e-04	-4.828168e+00	0.000000e+00
1.525757e+00	3.469779e-05	3.112439e+02	3.309207e-01	3.021872e+00	-6.753807e-06	-3.086717e+13	1.233991e+16	-2.501410e-03	-4.890756e+00	0.000000e+00
1.539820e+00	1.180208e-05	2.993938e+02	3.199091e+01	3.125888e-02	1.268232e-06	5.399792e+12	1.149588e+16	4.697154e-04	-4.873523e+00	1.000000e+00
1.553882e+00	2.853295e-06	2.886672e+02	3.641384e+01	2.746209e-02	2.987571e-07	1.291161e+12	1.166879e+16	1.106508e-04	-4.864603e+00	1.000000e+00
1.567944e+00	8.913222e-06	2.825537e+02	2.297013e+01	4.353480e-02	9.473815e-07	4.030037e+12	1.148545e+16	3.508820e-04	-4.908250e+00	1.000000e+00
1.582007e+00	9.670559e-05	2.959414e+02	3.165412e+01	3.159146e-02	9.851691e-06	4.307300e+13	1.180479e+16	3.648774e-03	-4.935069e+00	1.000000e+00
1.596069e+00	8.252989e-05	3.108911e+02	3.953839e+01	2.529187e-02	8.154408e-06	3.631899e+13	1.202555e+16	3.020151e-03	-4.895940e+00	1.000000e+00
1.610131e+00	2.028679e-05	3.115375e+02	2.317137e+01	4.315671e-02	2.043162e-06	8.930447e+12	1.180142e+16	7.567267e-04	-4.856773e+00	1.000000e+00
1.624193e+00	2.069697e-05	2.996362e+02	-6.597649e+00	-1.515691e-01	1.407977e-06	8.214682e+12	1.575285e+16	5.214729e-04	-4.883753e+00	0.000000e+00
1.638256e+00	6.932471e-05	2.888696e+02	4.011686e+00	2.492718e-01	1.073914e-05	3.352469e+13	8.428672e+15	3.977458e-03	-4.945145e+00	1.000000e+00
1.652318e+00	1.167523e-04	2.824229e+02	3.391403e+01	2.948632e-02	1.085632e-05	4.973586e+13	1.236946e+16	4.020860e-03	-4.969737e+00	1.000000e+00
1.666380e+00	3.015530e-05	2.955366e+02	3.843684e+01	2.601671e-02	2.737423e-06	1.271520e+13	1.254137e+16	1.013860e-03	-4.904931e+00	1.000000e+00
1.680442e+00	4.918319e-05	3.105262e+02	2.047359e+01	4.884342e-02	4.601485e-06	2.080549e+13	1.220798e+16	1.704254e-03	-4.881882e+00	1.000000e+00
1.694505e+00	2.224976e-04	3.118062e+02	1.584583e+01	6.310808e-02	2.109134e-05	9.402734e+13	1.203687e+16	7.811609e-03	-4.919368e+00	1.000000e+00
1.708567e+00	2.633529e-04	2.998824e+02	4.225650e+01	2.366500e-02	2.263179e-05	1.081739e+14	1.290528e+16	8.382144e-03	-4.949764e+00	1.000000e+00
1.722629e+00	1.028326e-04	2.891115e+02	4.077412e+01	2.452536e-02	8.708693e-06	4.191259e+13	1.299437e+16	3.225442e-03	-4.950146e+00	1.000000e+00
1.736692e+00	1.001065e-04	2.823355e+02	2.552229e+01	3.918144e-02	8.595390e-06	4.077363e+13	1.280789e+16	3.183478e-03	-4.965103e+00	1.000000e+00
1.750754e+00	6.214229e-04	2.951618e+02	3.482385e+01	2.871595e-02	5.138747e-05	2.497411e+14	1.312190e+16	1.903240e-02	-4.981572e+00	1.000000e+00
1.764816e+00	7.691625e-04	3.101963e+02	5.652450e+01	1.769144e-02	6.120594e-05	3.049471e+14	1.345224e+16	2.266887e-02	-4.954436e+00	1.000000e+00
1.778878e+00	4.146848e-04	3.120922e+02	4.795590e+01	2.085249e-02	3.268782e-05	1.633694e+14	1.349424e+16	1.210660e-02	-4.933582e+00	1.000000e+00
1.792941e+00	7.184846e-04	3.001536e+02	3.827810e+00	2.612460e-01	9.573579e-05	3.196616e+14	9.015295e+15	3.545770e-02	-4.977185e+00	1.000000e+00
1.807003e+00	2.111368e-03	2.893692e+02	-8.051722e+00	-1.241970e-01	1.219492e-04	7.629348e+14	1.689165e+16	4.516638e-02	-5.021904e+00	0.000000e+00
1.821065e+00	1.551761e-03	2.822834e+02	1.537695e+01	6.503238e-02	1.278777e-04	6.108053e+14	1.289650e+16	4.736211e-02	-5.031065e+00	1.000000e+00
1.835128e+00	2.968351e-04	2.947784e+02	1.860352e+01	5.375327e-02	2.352596e-05	1.152731e+14	1.322953e+16	8.713318e-03	-4.962760e+00	1.000000e+00
1.849190e+00	4.094642e-04	3.098394e+02	1.010184e+01	9.899185e-02	3.518205e-05	1.615577e+14	1.239853e+16	1.303039e-02	-4.938240e+00	1.000000e+00
1.863252e+00	3.521352e-03	3.123712e+02	2.341636e+01	4.270519e-02	2.645897e-04	1.339241e+15	1.366626e+16	9.799617e-02	-4.989599e+00	1.000000e+00
1.877314e+00	3.052964e-03	3.004337e+02	4.721627e+01	2.117914e-02	2.162202e-04	1.139870e+15	1.423386e+16	8.008157e-02	-5.009502e+00	1.000000e+00
1.891377e+00	1.220584e-03	2.895964e+02	3.226592e+01	3.099245e-02	8.688697e-05	4.545896e+14	1.412631e+16	3.218036e-02	-5.008516e+00	1.000000e+00
1.905439e+00	1.608921e-03	2.822326e+02	-1.598035e+00	-6.257683e-01	3.782144e-05	4.460262e+14	3.184096e+16	1.400794e-02	-5.023524e+00	0.000000e+00
1.919501e+00	4.565990e-03	2.944535e+02	2.647448e+00	3.777222e-01	7.239162e-04	2.033754e+15	7.585320e+15	2.681171e-01	-5.036314e+00	1.000000e+00
1.933564e+00	3.986259e-03	3.095448e+02	2.186936e+01	4.572607e-02	2.798785e-04	1.463183e+15	1.411539e+16	1.036587e-01	-4.997666e+00	1.000000e+00
1.947626e+00	1.705035e-03	3.125646e+02	1.663039e+01	6.013086e-02	1.215836e-04	6.259396e+14	1.390021e+16	4.503095e-02	-4.968722e+00	1.000000e+00
1.961688e+00	2.158127e-03	3.006245e+02	-3.630127e+00	-2.754725e-01	8.123958e-05	6.705831e+14	2.228685e+16	3.008873e-02	-4.995372e+00	0.000000e+00
1.975750e+00	6.138373e-03	2.897583e+02	-5.373091e-01	-1.861126e+00	3.526866e-05	1.116052e+15	8.543958e+16	1.306247e-02	-5.030602e+00	0.000000e+00
1.989813e+00	4.982014e-03	2.821547e+02	1.830253e+01	5.463725e-02	3.364695e-04	1.785127e+15	1.432476e+16	1.246183e-01	-5.057408e+00	1.000000e+00
2.003875e+00	2.016420e-03	2.940470e+02	1.469583e+01	6.804651e-02	1.381075e-04	7.224219e+14	1.412334e+16	5.115091e-02	-5.010891e+00	1.000000e+00
2.017937e+00	2.594275e-03	3.091795e+02	-3.748428e+00	-2.667785e-01	9.363682e-05	7.866406e+14	2.268263e+16	3.468031e-02	-4.981866e+00	0.000000e+00
2.032000e+00	7.298632e-03	3.127874e+02	2.706933e+00	3.694218e-01	1.008642e-03	3.055296e+15	8.178623e+15	3.735710e-01	-5.010990e+00	1.000000e+00
2.046062e+00	6.277308e-03	3.008621e+02	2.193533e+01	4.558855e-02	3.934895e-04	2.177287e+15	1.493986e+16	1.457368e-01	-5.025412e+00	1.000000e+00
2.060124e+00	2.692394e-03	2.899721e+02	1.652279e+01	6.052248e-02	1.717358e-04	9.346254e+14	1.469402e+16	6.360585e-02	-5.025736e+00	1.000000e+00
2.074186e+00	3.637695e-03	2.821051e+02	-3.300869e+00	-3.029505e-01	1.170573e-04	1.056260e+15	2.436331e+16	4.335455e-02	-5.044750e+00	0.000000e+00
2.088249e+00	9.148949e-03	2.936502e+02	3.472408e+00	2.879846e-01	9.617604e-04	3.549428e+15	9.964495e+15	3.562075e-01	-5.051993e+00	1.000000e+00
2.102311e+00	7.683902e-03	3.088208e+02	2.056700e+01	4.862157e-02	4.591097e-04	2.597888e+15	1.527804e+16	1.700406e-01	-5.014399e+00	1.000000e+00
2.116373e+00	3.448205e-03	3.130080e+02	1.428293e+01	7.001363e-02	2.126123e-04	1.170911e+15	1.486959e+16	7.874530e-02	-4.984690e+00	1.000000e+00
2.130435e+00	5.152079e-03	3.011124e+02	-3.879338e+00	-2.577759e-01	1.693736e-04	1.485629e+15	2.368255e+16	6.273095e-02	-5.015000e+00	0.000000e+00
2.144498e+00	1.065312e-02	2.901898e+02	2.027033e+00	4.933319e-01	1.926779e-03	4.573102e+15	6.408298e+15	7.136219e-01	-5.064997e+00	1.000000e+00
2.158560e+00	9.121666e-03	2.820758e+02	1.852907e+01	5.396926e-02	5.227645e-04	3.011879e+15	1.555590e+16	1.936165e-01	-5.070279e+00	1.000000e+00
2.172622e+00	4.417460e-03	2.932490e+02	1.177287e+01	8.494109e-02	2.667815e-04	1.472595e+15	1.490361e+16	9.880796e-02	-5.030535e+00	1.000000e+00
2.186685e+00	6.084348e-03	3.084854e+02	-3.544365e+00	-2.821380e-01	1.823006e-04	1.691076e+15	2.504603e+16	6.751873e-02	-5.003644e+00	0.000000e+00
2.200747e+00	1.274984e-02	3.132592e+02	1.695955e+00	5.896382e-01	3.085329e-03	5.697459e+15	4.985900e+15	1.142714e+00	-5.026892e+00	0.000000e+00
2.214809e+00	1.067678e-02	3.014645e+02	1.698211e+01	5.888551e-02	5.872021e-04	3.444528e+15	1.583820e+16	2.174823e-01	-5.036140e+00	1.000000e+00
2.228871e+00	5.451772e-03	2.904905e+02	1.162906e+01	8.599150e-02	3.135411e-04	1.772499e+15	1.526354e+16	1.161263e-01	-5.040698e+00	1.000000e+00
2.242921e+00	7.259090e-03	2.821035e+02	-2.888039e+00	-3.462557e-01	1.862691e-04	1.913242e+15	2.773275e+16	6.898857e-02	-5.059195e+00	0.000000e+00
2.256949e+00	1.423473e-02	2.928665e+02	2.283220e+00	4.379780e-01	1.949589e-03	5.600380e+15	7.756008e+15	7.220699e-01	-5.065013e+00	1.000000e+00
2.271011e+00	1.277703e-02	3.081339e+02	1.532386e+01	6.525773e-02	6.773575e-04	4.033337e+15	1.607720e+16	2.508732e-01	-5.027427e+00	1.000000e+00
2.285074e+00	6.951914e-03	3.134449e+02	8.451608e+00	1.183207e-01	4.080063e-04	2.242516e+15	1.483995e+16	1.511135e-01	-5.001355e+00	1.000000e+00
2.299136e+00	8.576504e-03	3.017235e+02	-6.602197e+00	-1.514647e-01	2.912237e-04	2.404853e+15	2.229593e+16	1.078606e-01	-5.026297e+00	0.000000e+00
2.313198e+00	1.498676e-02	2.907672e+02	-1.960902e+00	-5.099693e-01	2.816708e-04	3.580169e+15	3.431827e+16	1.043225e-01	-5.057764e+00	0.000000e+00
2.327261e+00	1.303003e-02	2.821804e+02	1.276879e+01	7.831597e-02	6.761985e-04	4.041062e+15	1.613560e+16	2.504439e-01	-5.077225e+00	1.000000e+00
2.341323e+00	7.466866e-03	2.924876e+02	1.001905e+01	9.980984e-02	4.009149e-04	2.327861e+15	1.567720e+16	1.484870e-01	-5.043601e+00	1.000000e+00
2.355385e+00	9.471970e-03	3.077707e+02	-3.256666e+00	-3.070625e-01	2.347828e-04	2.417665e+15	2.780313e+16	8.695659e-02	-5.014551e+00	0.000000e+00
2.369447e+00	1.685394e-02	3.136184e+02	-2.212576e-01	-4.519619e+00	1.224105e-05	1.513245e+15	3.337755e+17	4.533722e-03	-4.990382e+00	0.000000e+00
2.383510e+00	1.549782e-02	3.019699e+02	1.282123e+01	7.799565e-02	7.662316e-04	4.692201e+15	1.653409e+16	2.837895e-01	-5.043206e+00	1.000000e+00
2.397572e+00	8.494738e-03	2.908522e+02	9.668178e+00	1.034321e-01	4.383808e-04	2.591117e+15	1.595876e+16	1.623633e-01	-5.049497e+00	1.000000e+00
2.411634e+00	1.000440e-02	2.820272e+02	-4.214168e+00	-2.372947e-01	2.657134e-04	2.571779e+15	2.613267e+16	9.841239e-02	-5.066534e+00	0.000000e+00
2.425696e+00	1.830532e-02	2.920666e+02	-2.502912e+00	-3.995346e-01	3.693444e-04	4.362053e+15	3.188769e+16	1.367942e-01	-5.060233e+00	0.000000e+00
2.439759e+00	1.764245e-02	3.074296e+02	1.078569e+01	9.271542e-02	8.591232e-04	5.258642e+15	1.652654e+16	3.181938e-01	-5.035808e+00	1.000000e+00
2.453821e+00	9.525169e-03	3.137902e+02	6.159842e+00	1.623418e-01	5.350021e-04	2.929828e+15	1.478599e+16	1.981489e-01	-5.007902e+00	1.000000e+00
2.467883e+00	1.036223e-02	3.022606e+02	-7.803531e+00	-1.281471e-01	3.185663e-04	2.736554e+15	2.319359e+16	1.179875e-01	-5.028608e+00	0.000000e+00
2.481946e+00	1.840057e-02	2.912453e+02	-3.780971e+00	-2.644823e-01	4.407181e-04	4.540954e+15	2.781954e+16	1.632289e-01	-5.062810e+00	0.000000e+00
2.496008e+00	1.656510e-02	2.822569e+02	1.091738e+01	9.159709e-02	7.688620e-04	4.823421e+15	1.693833e+16	2.847637e-01	-5.081383e+00	1.000000e+00
2.510070e+00	1.013394e-02	2.917211e+02	9.896054e+00	1.010504e-01	4.746893e-04	2.948875e+15	1.677300e+16	1.758108e-01	-5.051051e+00	1.000000e+00
2.524132e+00	1.185009e-02	3.070876e+02	-3.653364e+00	-2.737203e-01	2.702179e-04	2.863846e+15	2.861536e+16	1.000807e-01	-5.020376e+00	0.000000e+00
2.538195e+00	1.885016e-02	3.139556e+02	-1.269900e+00	-7.874637e-01	2.015461e-04	3.695371e+15	4.950481e+16	7.464670e-02	-5.013859e+00	0.000000e+00
2.552257e+00	1.915321e-02	3.025496e+02	1.067163e+01	9.370641e-02	8.541010e-04	5.460150e+15	1.726073e+16	3.163337e-01	-5.046053e+00	1.000000e+00
2.566319e+00	1.124257e-02	2.915130e+02	8.443199e+00	1.184385e-01	5.232624e-04	3.229338e+15	1.666317e+16	1.938009e-01	-5.053737e+00	1.000000e+00
2.580369e+00	1.231782e-02	2.823405e+02	-5.896219e+00	-1.696002e-01	3.214683e-04	3.051753e+15	2.563156e+16	1.190623e-01	-5.070087e+00	0.000000e+00
2.594397e+00	2.028547e-02	2.913199e+02	-5.278532e+00	-1.894466e-01	5.056655e-04	4.953262e+15	2.644793e+16	1.872835e-01	-5.064850e+00	0.000000e+00
2.608459e+00	2.015639e-02	3.067292e+02	7.149884e+00	1.398624e-01	9.522510e-04	5.761834e+15	1.633703e+16	3.526856e-01	-5.039554e+00	1.000000e+00
2.622522e+00	1.109777e-02	3.140898e+02	6.172607e+00	1.620061e-01	5.452976e-04	3.193374e+15	1.581175e+16	2.019621e-01	-5.009648e+00	1.000000e+00
2.636584e+00	1.254570e-02	3.028131e+02	-7.863885e+00	-1.271636e-01	3.385227e-04	3.102627e+15	2.474603e+16	1.253788e-01	-5.030804e+00	0.000000e+00
2.650646e+00	1.943703e-02	2.917346e+02	-7.393643e+00	-1.352513e-01	5.113299e-04	4.763281e+15	2.515178e+16	1.893814e-01	-5.063079e+00	0.000000e+00
2.664708e+00	2.024244e-02	2.823949e+02	7.098410e+00	1.408766e-01	9.184519e-04	5.667377e+15	1.666055e+16	3.401674e-01	-5.085045e+00	1.000000e+00
2.678771e+00	1.135470e-02	2.909291e+02	6.180975e+00	1.617868e-01	5.344697e-04	3.198315e+15	1.615705e+16	1.979517e-01	-5.054625e+00	1.000000e+00
2.692833e+00	1.172429e-02	3.063801e+02	-7.148467e+00	-1.398901e-01	2.963376e-04	2.822039e+15	2.571224e+16	1.097547e-01	-5.021369e+00	0.000000e+00
2.706895e+00	1.967936e-02	3.141671e+02	-7.250120e+00	-1.379288e-01	4.940049e-04	4.716537e+15	2.577839e+16	1.829648e-01	-5.020056e+00	0.000000e+00
2.720957e+00	2.023405e-02	3.030294e+02	7.051192e+00	1.418200e-01	8.823690e-04	5.550734e+15	1.698494e+16	3.268033e-01	-5.045574e+00	1.000000e+00
2.735020e+00	1.143343e-02	2.919377e+02	6.536421e+00	1.529889e-01	5.060485e-04	3.139233e+15	1.674924e+16	1.874254e-01	-5.052204e+00	1.000000e+00
2.749082e+00	1.180963e-02	2.824750e+02	-9.915723e+00	-1.008499e-01	3.076860e-04	2.836161e+15	2.488782e+16	1.139578e-01	-5.068043e+00	0.000000e+00
2.763144e+00	1.900544e-02	2.905589e+02	-1.044833e+01	-9.570906e-02	4.948556e-04	4.552191e+15	2.483738e+16	1.832798e-01	-5.064179e+00	0.000000e+00
2.777207e+00	1.966683e-02	3.060447e+02	5.353581e+00	1.867909e-01	9.123988e-04	5.416956e+15	1.603003e+16	3.379255e-01	-5.039221e+00	1.000000e+00
2.791269e+00	1.055156e-02	3.143407e+02	6.755880e+00	1.480192e-01	4.433792e-04	2.831102e+15	1.724027e+16	1.642145e-01	-5.005898e+00	1.000000e+00
2.805331e+00	1.095299e-02	3.034186e+02	-7.557600e+00	-1.323171e-01	2.586174e-04	2.539651e+15	2.651429e+16	9.578423e-02	-5.024393e+00	0.000000e+00
2.819393e+00	1.882316e-02	2.923156e+02	-7.029431e+00	-1.422590e-01	4.321528e-04	4.322569e+15	2.700650e+16	1.600566e-01	-5.059529e+00	0.000000e+00
2.833456e+00	1.987753e-02	2.826952e+02	8.411392e+00	1.188864e-01	7.596832e-04	5.172591e+15	1.838397e+16	2.813642e-01	-5.082255e+00	1.000000e+00
2.847518e+00	1.093669e-02	2.901664e+02	7.701941e+00	1.298374e-01	4.239929e-04	2.848505e+15	1.813937e+16	1.570344e-01	-5.053204e+00	1.000000e+00
2.861580e+00	1.134103e-02	3.056875e+02	-8.720540e+00	-1.146718e-01	2.658107e-04	2.599445e+15	2.640413e+16	9.844841e-02	-5.020557e+00	0.000000e+00
2.875643e+00	1.821645e-02	3.144388e+02	-8.541729e+00	-1.170723e-01	4.209263e-04	4.150211e+15	2.662122e+16	1.558986e-01	-5.016071e+00	0.000000e+00
2.889705e+00	1.926493e-02	3.037117e+02	6.612306e+00	1.512332e-01	7.608039e-04	5.001600e+15	1.775007e+16	2.817792e-01	-5.041556e+00	1.000000e+00
2.903767e+00	1.087790e-02	2.925820e+02	7.745253e+00	1.291113e-01	4.048813e-04	2.777233e+15	1.852032e+16	1.499560e-01	-5.047866e+00	1.000000e+00
2.917829e+00	1.131505e-02	2.828317e+02	-6.294541e+00	-1.588678e-01	2.354050e-04	2.491425e+15	2.857563e+16	8.718703e-02	-5.064192e+00	0.000000e+00
2.931892e+00	1.754376e-02	2.897576e+02	-5.927330e+00	-1.687100e-01	3.552074e-04	3.826930e+15	2.908923e+16	1.315583e-01	-5.061372e+00	0.000000e+00
2.945954e+00	1.972869e-02	3.053311e+02	8.415487e+00	1.188285e-01	6.974193e-04	4.937658e+15	1.911573e+16	2.583034e-01	-5.038136e+00	1.000000e+00
2.960016e+00	1.153088e-02	3.145044e+02	9.172150e+00	1.090257e-01	3.951871e-04	2.857327e+15	1.952185e+16	1.463656e-01	-5.005828e+00	1.000000e+00
2.974079e+00	1.180268e-02	3.039514e+02	1.482318e+00	6.746190e-01	2.233404e-03	4.153027e+15	5.020666e+15	8.271865e-01	-5.036230e+00	1.000000e+00
2.988141e+00	1.767569e-02	2.927815e+02	9.253587e+00	1.080662e-01	5.931911e-04	4.336571e+15	1.973857e+16	2.197004e-01	-5.058721e+00	1.000000e+00
2.997563e+00	2.015339e-02	2.858689e+02	4.855903e+01	2.059349e-02	5.591694e-04	4.711095e+15	2.274795e+16	2.070998e-01	-5.073952e+00	1.000000e+00
