# MAPbBr3 S2, dark   params: examples/MAPbBr3_S2.params
# ALTERNATIVE reading: modelled J sampled at the measured voltages,
# log-log interpolation of the model curve; nan outside its V range.
# Row-for-row comparable with the measurement.
V(V)	J_meas(A/m2)	J_model(A/m2)
7.031141e-03	9.492278e-07	nan
2.109342e-02	-3.099817e-08	nan
3.515570e-02	-3.083278e-07	nan
4.921798e-02	1.998808e-07	nan
6.328026e-02	5.472552e-07	nan
7.734254e-02	-2.768927e-07	nan
9.140482e-02	-5.214326e-07	nan
1.054671e-01	3.832029e-07	nan
1.195294e-01	7.335114e-07	nan
1.335917e-01	8.599645e-08	nan
1.476539e-01	-3.889660e-08	nan
1.617162e-01	5.117893e-07	nan
1.757785e-01	9.855590e-07	nan
1.898408e-01	-2.559833e-07	nan
2.039031e-01	-5.742127e-07	3.314402e-07
2.179653e-01	7.967346e-07	3.562929e-07
2.320276e-01	9.654941e-07	3.812811e-07
2.460899e-01	-1.994579e-07	4.063971e-07
2.601522e-01	-5.015211e-07	4.316343e-07
2.742145e-01	4.014004e-07	4.569867e-07
2.882767e-01	1.759180e-06	4.824488e-07
3.023390e-01	-1.696946e-07	5.080157e-07
3.164013e-01	-4.575042e-07	5.336829e-07
3.304636e-01	4.102905e-07	5.594464e-07
3.445259e-01	1.995776e-06	5.853024e-07
3.585881e-01	3.127008e-07	6.112474e-07
3.726504e-01	-4.200104e-07	6.372782e-07
3.867127e-01	5.492498e-07	6.634040e-07
4.007750e-01	2.178839e-06	6.911277e-07
4.148373e-01	2.798963e-07	7.189940e-07
4.288995e-01	-6.097553e-08	7.469988e-07
4.429618e-01	1.271327e-06	7.751383e-07
4.570241e-01	2.827847e-06	8.034086e-07
4.710864e-01	1.483396e-07	8.318064e-07
4.851487e-01	5.743870e-08	8.603285e-07
4.992110e-01	1.231988e-06	8.889717e-07
5.132732e-01	3.549225e-06	9.177331e-07
5.273355e-01	4.415245e-07	9.466100e-07
5.413978e-01	7.875259e-08	9.755998e-07
5.554601e-01	1.770288e-06	1.004700e-06
5.695224e-01	4.163181e-06	1.033908e-06
5.835846e-01	6.492357e-07	1.064396e-06
5.976469e-01	4.476715e-07	1.095465e-06
6.117092e-01	1.573148e-06	1.126687e-06
6.257715e-01	4.979858e-06	1.158059e-06
6.398338e-01	9.703153e-07	1.189578e-06
6.538960e-01	-1.887516e-07	1.221242e-06
6.679583e-01	1.551727e-06	1.253049e-06
6.820206e-01	5.467542e-06	1.284995e-06
6.960829e-01	8.209817e-07	1.317078e-06
7.101452e-01	3.302748e-07	1.349297e-06
7.242074e-01	2.103086e-06	1.381649e-06
7.382697e-01	6.678868e-06	1.414132e-06
7.523320e-01	1.396683e-06	1.446745e-06
7.663943e-01	9.965613e-08	1.480869e-06
7.804566e-01	2.173817e-06	1.515553e-06
7.945188e-01	7.480628e-06	1.550409e-06
8.085811e-01	1.978743e-06	1.585434e-06
8.226434e-01	-5.168447e-08	1.620626e-06
8.367057e-01	2.489440e-06	1.655983e-06
8.507680e-01	9.168002e-06	1.691502e-06
8.648302e-01	2.375717e-06	1.727183e-06
8.788925e-01	4.005310e-07	1.763022e-06
8.929548e-01	2.760025e-06	1.799018e-06
9.070171e-01	1.113295e-05	1.835170e-06
9.210794e-01	3.991990e-06	1.871475e-06
9.351416e-01	8.836630e-07	1.908228e-06
9.492039e-01	4.067744e-06	1.946690e-06
9.632662e-01	1.377654e-05	1.985344e-06
9.773285e-01	5.172659e-06	2.024189e-06
9.913908e-01	1.152135e-06	2.063222e-06
1.005453e+00	5.084743e-06	2.102443e-06
1.019515e+00	1.850150e-05	2.141849e-06
1.033578e+00	7.046956e-06	2.181438e-06
1.047640e+00	2.568374e-06	2.221210e-06
1.061702e+00	7.008771e-06	2.261162e-06
1.075764e+00	2.335095e-05	2.301292e-06
1.089827e+00	9.737417e-06	2.341600e-06
1.103889e+00	3.957228e-06	2.382083e-06
1.117951e+00	8.388309e-06	2.424650e-06
1.132014e+00	2.814184e-05	2.467681e-06
1.146076e+00	1.226018e-05	2.510929e-06
1.160138e+00	4.855431e-06	2.554395e-06
1.174200e+00	9.544482e-06	2.598075e-06
1.188263e+00	3.138738e-05	2.641969e-06
1.202325e+00	1.318591e-05	2.686075e-06
1.216387e+00	4.765075e-06	2.730392e-06
1.230450e+00	9.558895e-06	2.774917e-06
1.244512e+00	3.149021e-05	2.819651e-06
1.258574e+00	1.225637e-05	2.864591e-06
1.272636e+00	4.462076e-06	2.909736e-06
1.286699e+00	8.778266e-06	2.957266e-06
1.300761e+00	3.025680e-05	3.005142e-06
1.314823e+00	1.136872e-05	3.053267e-06
1.328885e+00	4.354447e-06	3.101638e-06
1.342948e+00	8.713324e-06	3.150254e-06
1.357010e+00	2.903151e-05	3.199113e-06
1.371072e+00	1.088148e-05	3.248215e-06
1.385135e+00	4.233847e-06	3.297558e-06
1.399197e+00	8.394433e-06	3.347141e-06
1.413259e+00	2.769253e-05	3.396962e-06
1.427321e+00	9.491093e-06	3.447021e-06
1.441384e+00	4.329826e-06	3.498253e-06
1.455446e+00	8.296858e-06	3.551296e-06
1.469508e+00	2.795204e-05	3.604621e-06
1.483571e+00	9.572230e-06	3.658228e-06
1.497633e+00	3.291758e-06	3.712115e-06
1.511695e+00	6.728045e-06	3.766281e-06
1.525757e+00	3.469779e-05	3.820725e-06
1.539820e+00	1.180208e-05	3.875446e-06
1.553882e+00	2.853295e-06	3.930442e-06
1.567944e+00	8.913222e-06	3.985712e-06
1.582007e+00	9.670559e-05	4.041256e-06
1.596069e+00	8.252989e-05	4.097505e-06
1.610131e+00	2.028679e-05	4.156450e-06
1.624193e+00	2.069697e-05	4.215719e-06
1.638256e+00	6.932471e-05	4.275311e-06
1.652318e+00	1.167523e-04	4.335226e-06
1.666380e+00	3.015530e-05	4.395462e-06
1.680442e+00	4.918319e-05	4.456018e-06
1.694505e+00	2.224976e-04	4.516893e-06
1.708567e+00	2.633529e-04	4.578086e-06
1.722629e+00	1.028326e-04	4.639597e-06
1.736692e+00	1.001065e-04	4.701424e-06
1.750754e+00	6.214229e-04	4.764434e-06
1.764816e+00	7.691625e-04	4.829992e-06
1.778878e+00	4.146848e-04	4.895921e-06
1.792941e+00	7.184846e-04	4.962220e-06
1.807003e+00	2.111368e-03	5.028888e-06
1.821065e+00	1.551761e-03	5.095925e-06
1.835128e+00	2.968351e-04	5.163330e-06
1.849190e+00	4.094642e-04	5.231101e-06
1.863252e+00	3.521352e-03	5.299238e-06
1.877314e+00	3.052964e-03	5.367741e-06
1.891377e+00	1.220584e-03	5.436608e-06
1.905439e+00	1.608921e-03	5.508344e-06
1.919501e+00	4.565990e-03	5.581253e-06
1.933564e+00	3.986259e-03	5.654583e-06
1.947626e+00	1.705035e-03	5.728336e-06
1.961688e+00	2.158127e-03	5.802509e-06
1.975750e+00	6.138373e-03	5.877103e-06
1.989813e+00	4.982014e-03	5.952116e-06
2.003875e+00	2.016420e-03	6.027548e-06
2.017937e+00	2.594275e-03	6.103399e-06
2.032000e+00	7.298632e-03	6.179668e-06
2.046062e+00	6.277308e-03	6.258720e-06
2.060124e+00	2.692394e-03	6.339773e-06
2.074186e+00	3.637695e-03	6.421314e-06
2.088249e+00	9.148949e-03	6.503342e-06
2.102311e+00	7.683902e-03	6.585856e-06
2.116373e+00	3.448205e-03	6.668857e-06
2.130435e+00	5.152079e-03	6.752344e-06
2.144498e+00	1.065312e-02	6.836317e-06
2.158560e+00	9.121666e-03	6.920775e-06
2.172622e+00	4.417460e-03	7.005717e-06
2.186685e+00	6.084348e-03	7.094438e-06
2.200747e+00	1.274984e-02	7.184535e-06
2.214809e+00	1.067678e-02	7.275191e-06
2.228871e+00	5.451772e-03	7.366407e-06
2.242921e+00	7.259090e-03	7.458098e-06
2.256949e+00	1.423473e-02	7.550207e-06
2.271011e+00	1.277703e-02	7.643097e-06
2.285074e+00	6.951914e-03	7.736547e-06
2.299136e+00	8.576504e-03	7.830555e-06
2.313198e+00	1.498676e-02	7.926667e-06
2.327261e+00	1.303003e-02	8.026414e-06
2.341323e+00	7.466866e-03	8.126804e-06
2.355385e+00	9.471970e-03	8.227837e-06
2.369447e+00	1.685394e-02	8.329514e-06
2.383510e+00	1.549782e-02	8.431834e-06
2.397572e+00	8.494738e-03	8.534798e-06
2.411634e+00	1.000440e-02	8.638407e-06
2.425696e+00	1.830532e-02	8.742660e-06
2.439759e+00	1.764245e-02	8.848701e-06
2.453821e+00	9.525169e-03	8.959367e-06
2.467883e+00	1.036223e-02	9.070773e-06
2.481946e+00	1.840057e-02	9.182919e-06
2.496008e+00	1.656510e-02	9.295806e-06
2.510070e+00	1.013394e-02	9.409435e-06
2.524132e+00	1.185009e-02	9.523807e-06
2.538195e+00	1.885016e-02	9.638922e-06
2.552257e+00	1.915321e-02	9.754781e-06
2.566319e+00	1.124257e-02	9.873982e-06
2.580369e+00	1.231782e-02	9.997018e-06
2.594397e+00	2.028547e-02	1.012071e-05
2.608459e+00	2.015639e-02	1.024556e-05
2.622522e+00	1.109777e-02	1.037126e-05
2.636584e+00	1.254570e-02	1.049783e-05
2.650646e+00	1.943703e-02	1.062525e-05
2.664708e+00	2.024244e-02	1.075353e-05
2.678771e+00	1.135470e-02	1.088278e-05
2.692833e+00	1.172429e-02	1.101926e-05
2.706895e+00	1.967936e-02	1.115674e-05
2.720957e+00	2.023405e-02	1.129520e-05
2.735020e+00	1.143343e-02	1.143466e-05
2.749082e+00	1.180963e-02	1.157511e-05
2.763144e+00	1.900544e-02	1.171655e-05
2.777207e+00	1.966683e-02	1.185899e-05
2.791269e+00	1.055156e-02	1.200243e-05
2.805331e+00	1.095299e-02	1.215320e-05
2.819393e+00	1.882316e-02	1.230572e-05
2.833456e+00	1.987753e-02	1.245939e-05
2.847518e+00	1.093669e-02	1.261420e-05
2.861580e+00	1.134103e-02	1.277015e-05
2.875643e+00	1.821645e-02	1.292726e-05
2.889705e+00	1.926493e-02	1.308551e-05
2.903767e+00	1.087790e-02	1.324594e-05
2.917829e+00	1.131505e-02	1.341453e-05
2.931892e+00	1.754376e-02	1.358443e-05
2.945954e+00	1.972869e-02	1.375566e-05
2.960016e+00	1.153088e-02	1.392822e-05
2.974079e+00	1.180268e-02	1.410210e-05
2.988141e+00	1.767569e-02	1.427733e-05
2.997563e+00	2.015339e-02	1.439547e-05
